29--Students_Schoolkids/29_Students_Schoolkids_Students_Schoolkids_29_261.jpg
8
761 381 91 118 0 0 0 0 0 0 
752 227 72 112 0 0 0 0 0 0 
607 359 94 112 0 0 0 0 0 0 
544 405 69 100 0 0 0 0 0 0 
426 347 85 115 0 0 0 0 0 0 
281 417 82 100 0 0 0 0 0 0 
160 462 100 109 0 0 0 0 0 0 
18 526 76 85 0 0 0 0 0 0 
29--Students_Schoolkids/29_Students_Schoolkids_Students_Schoolkids_29_520.jpg
9
913 329 111 132 0 0 0 0 0 0 
692 370 113 125 0 0 0 0 0 0 
517 430 132 146 0 0 0 0 0 0 
120 369 130 136 0 0 0 0 0 0 
319 0 137 177 0 0 0 0 0 0 
604 83 19 22 2 0 0 0 0 0 
541 32 10 14 2 0 0 0 1 0 
814 23 5 6 2 0 0 0 2 0 
933 40 6 8 2 0 0 0 0 0 
29--Students_Schoolkids/29_Students_Schoolkids_Students_Schoolkids_29_940.jpg
1
486 442 398 478 0 0 0 0 0 0 
29--Students_Schoolkids/29_Students_Schoolkids_Students_Schoolkids_29_75.jpg
13
45 243 15 21 2 0 0 0 0 0 
75 300 43 55 1 0 0 0 0 0 
93 236 13 13 2 0 0 0 0 0 
227 363 49 62 1 0 0 0 0 0 
243 309 41 41 2 0 0 0 0 0 
373 359 42 44 1 0 0 0 0 0 
462 334 39 43 2 0 0 0 0 0 
422 485 55 63 1 0 0 0 0 0 
856 159 102 120 1 0 0 0 0 0 
137 282 13 14 2 0 0 0 2 0 
138 236 15 16 2 0 0 0 0 0 
23 193 10 13 2 0 0 0 2 0 
80 211 7 9 2 0 0 0 1 0 
29--Students_Schoolkids/29_Students_Schoolkids_Students_Schoolkids_29_406.jpg
1
583 144 42 48 1 0 0 0 0 0 
29--Students_Schoolkids/29_Students_Schoolkids_Students_Schoolkids_29_535.jpg
9
763 301 19 19 2 0 0 0 0 0 
517 281 20 16 2 0 0 0 0 1 
439 341 18 16 2 0 0 0 0 1 
149 356 16 20 2 0 0 0 0 0 
158 333 18 16 2 0 0 0 0 0 
90 276 13 16 2 0 0 0 1 0 
99 259 15 15 2 0 0 0 0 0 
6 46 14 16 2 0 0 0 0 0 
0 41 7 18 2 0 0 0 1 0 
29--Students_Schoolkids/29_Students_Schoolkids_Students_Schoolkids_29_934.jpg
1
548 158 58 88 1 0 0 0 0 0 
29--Students_Schoolkids/29_Students_Schoolkids_Students_Schoolkids_29_743.jpg
5
473 420 48 73 0 0 0 0 0 0 
261 371 70 82 0 0 0 0 0 1 
82 434 57 70 0 0 0 0 1 1 
883 294 85 97 0 0 0 0 0 0 
644 372 58 67 1 0 0 0 0 1 
29--Students_Schoolkids/29_Students_Schoolkids_Students_Schoolkids_29_555.jpg
16
769 204 43 46 1 0 0 0 0 0 
674 122 38 41 1 0 0 0 0 0 
666 223 36 42 1 0 0 0 0 0 
691 220 26 35 1 0 0 0 2 0 
584 175 37 43 1 0 0 0 0 0 
509 170 35 42 1 0 0 0 0 0 
473 207 35 40 1 0 0 0 0 0 
429 197 28 36 1 0 0 0 0 0 
374 192 38 38 1 0 0 0 0 0 
324 159 30 39 1 0 0 0 0 0 
280 183 43 48 1 0 0 0 0 0 
232 167 40 47 1 0 0 0 0 0 
152 39 58 75 1 0 0 0 0 0 
77 188 13 15 2 0 0 0 2 0 
32 183 14 17 2 0 0 0 0 0 
7 174 21 19 2 0 0 0 0 0 
29--Students_Schoolkids/29_Students_Schoolkids_Students_Schoolkids_29_753.jpg
10
237 110 37 54 1 0 0 0 0 0 
276 142 45 52 1 0 0 0 0 0 
379 76 40 55 1 0 0 0 0 0 
484 85 43 49 1 0 0 0 0 0 
582 127 37 48 1 0 0 0 0 0 
627 112 45 63 1 0 0 0 0 0 
716 71 41 63 0 0 0 0 0 0 
259 317 41 51 1 0 0 0 0 0 
351 309 49 56 0 0 0 0 0 0 
456 306 52 69 1 0 0 0 0 0 
29--Students_Schoolkids/29_Students_Schoolkids_Students_Schoolkids_29_561.jpg
54
329 164 17 21 2 0 0 0 0 0 
166 131 21 29 2 0 0 0 2 0 
65 44 12 17 2 0 0 0 0 0 
112 75 19 21 2 0 0 0 0 0 
156 77 17 19 2 0 0 0 0 0 
96 147 31 31 1 0 0 0 0 0 
30 116 37 41 0 0 0 0 0 0 
19 163 48 55 0 0 0 0 0 0 
155 160 35 45 0 0 0 0 0 0 
197 207 43 45 1 0 0 0 0 0 
264 167 29 33 1 0 0 0 0 0 
299 146 22 29 1 0 0 0 0 0 
217 101 11 22 2 0 0 0 0 0 
224 100 16 23 2 0 0 0 0 0 
98 69 13 20 2 0 0 0 0 0 
40 60 13 19 2 0 0 0 0 0 
8 52 12 19 2 0 0 0 0 0 
289 119 15 15 2 0 0 0 0 0 
227 193 29 37 1 0 0 0 2 0 
259 111 11 13 2 0 0 0 2 0 
479 110 17 21 2 0 0 0 0 0 
519 119 24 33 1 0 0 0 0 0 
473 150 19 21 1 0 0 0 0 0 
421 191 25 30 1 0 0 0 0 0 
441 225 34 38 0 0 0 0 0 0 
415 222 18 27 2 0 0 0 0 0 
522 232 28 30 2 0 0 0 0 0 
378 73 16 17 2 0 0 0 0 0 
574 254 23 23 2 0 0 0 0 0 
615 257 24 30 2 0 0 0 0 0 
647 244 20 19 2 0 0 0 0 0 
670 274 21 24 2 0 0 0 0 0 
743 273 22 26 2 0 0 0 0 0 
583 313 37 43 1 0 0 0 0 0 
932 285 23 30 1 0 0 0 0 0 
812 190 21 24 1 0 0 0 0 0 
966 408 41 41 1 0 0 0 0 0 
910 414 39 42 0 0 0 0 0 0 
855 402 40 40 0 0 0 0 0 0 
818 356 32 36 0 0 0 0 0 0 
751 353 27 28 2 0 0 0 0 1 
768 336 21 40 1 0 0 0 1 0 
780 410 42 53 0 0 0 0 0 0 
709 389 37 51 0 0 0 0 0 0 
628 377 53 73 0 0 0 0 0 0 
562 366 58 58 0 0 0 0 0 0 
545 307 32 39 1 0 0 0 1 0 
322 181 20 28 2 0 0 0 2 0 
436 380 67 85 0 0 0 0 0 0 
258 220 64 71 0 0 0 0 0 0 
888 332 23 33 2 0 0 0 1 0 
480 351 59 83 0 0 0 0 0 0 
113 275 66 57 0 0 0 0 0 0 
180 159 20 28 1 0 0 0 2 0 
29--Students_Schoolkids/29_Students_Schoolkids_Students_Schoolkids_29_868.jpg
1
291 219 314 411 0 0 0 0 0 0 
29--Students_Schoolkids/29_Students_Schoolkids_Students_Schoolkids_29_490.jpg
1
401 543 259 324 0 0 0 0 0 0 
29--Students_Schoolkids/29_Students_Schoolkids_Students_Schoolkids_29_220.jpg
1
478 162 80 92 0 0 0 0 0 1 
29--Students_Schoolkids/29_Students_Schoolkids_Students_Schoolkids_29_531.jpg
34
945 42 45 59 0 0 0 0 2 0 
883 44 44 56 1 0 0 0 0 0 
798 37 48 49 1 0 0 0 2 0 
941 270 74 80 1 0 0 0 0 0 
838 160 59 75 1 0 0 0 1 0 
775 197 48 56 1 0 0 0 0 0 
729 239 54 67 0 0 0 0 1 0 
1006 339 18 90 0 0 0 0 2 0 
710 428 86 108 0 0 0 0 2 0 
661 333 80 88 0 0 0 0 0 0 
817 339 68 80 0 0 0 0 2 0 
624 254 76 76 0 0 0 0 1 0 
440 268 90 98 0 0 0 0 0 0 
767 26 40 50 1 0 0 0 2 0 
480 33 60 60 0 0 0 0 0 0 
570 103 43 53 1 0 0 0 2 0 
643 38 38 52 1 0 0 0 2 0 
454 152 48 60 1 0 0 0 2 0 
254 82 66 74 1 0 0 0 0 0 
503 444 101 111 0 0 0 0 0 1 
835 0 37 26 1 0 0 0 2 0 
540 0 47 42 1 0 0 0 1 0 
15 38 72 72 1 0 0 0 2 0 
244 249 90 105 1 0 0 0 2 0 
688 195 44 57 1 0 0 0 2 0 
719 1 44 29 1 0 0 0 1 0 
322 14 44 58 1 0 0 0 2 1 
177 53 51 59 2 0 0 0 2 0 
402 195 73 78 1 0 0 0 2 0 
955 14 40 39 2 0 0 0 2 0 
905 6 10 13 2 0 0 0 2 0 
915 12 10 14 2 0 0 0 2 0 
973 105 36 51 1 0 0 0 2 0 
990 107 34 59 1 0 0 0 2 0 
29--Students_Schoolkids/29_Students_Schoolkids_Students_Schoolkids_29_89.jpg
1
434 240 256 144 0 0 0 0 0 1 
29--Students_Schoolkids/29_Students_Schoolkids_Students_Schoolkids_29_258.jpg
4
859 85 109 230 0 0 0 0 0 1 
675 197 47 86 1 0 0 0 0 1 
321 202 17 24 2 0 0 0 0 0 
513 223 18 34 2 0 0 0 0 1 
29--Students_Schoolkids/29_Students_Schoolkids_Students_Schoolkids_29_851.jpg
2
506 0 52 66 1 0 0 0 0 0 
600 22 76 102 0 0 0 0 0 0 
29--Students_Schoolkids/29_Students_Schoolkids_Students_Schoolkids_29_792.jpg
36
135 112 24 28 2 0 0 0 0 0 
92 149 30 34 1 0 0 0 0 0 
174 174 26 32 1 0 0 0 0 0 
208 155 22 28 2 0 0 0 0 0 
286 136 24 26 2 0 0 0 0 0 
364 164 24 30 2 0 0 0 0 0 
409 184 24 34 2 0 0 0 0 0 
440 128 22 29 2 0 0 0 0 0 
474 193 24 30 2 0 0 0 0 0 
393 234 26 32 2 0 0 0 0 0 
311 249 26 36 2 0 0 0 0 0 
259 182 25 32 2 0 0 0 0 0 
231 260 27 33 2 0 0 0 0 0 
323 200 23 30 2 0 0 0 0 0 
149 257 27 36 2 0 0 0 0 0 
130 301 32 37 2 0 0 0 0 0 
324 317 28 37 1 0 0 0 0 0 
411 327 32 35 1 0 0 0 0 0 
225 322 29 40 1 0 0 0 0 0 
42 287 32 38 1 0 0 0 0 0 
583 144 23 25 2 0 0 0 0 0 
657 159 21 27 2 0 0 0 0 0 
671 185 25 32 2 0 0 0 0 0 
753 195 25 29 2 0 0 0 0 0 
733 132 22 25 2 0 0 0 0 0 
799 240 25 34 1 0 0 0 0 0 
590 302 27 37 1 0 0 0 0 0 
676 314 29 35 2 0 0 0 0 0 
688 251 23 30 1 0 0 0 0 0 
777 305 26 38 1 0 0 0 0 0 
877 304 29 35 2 0 0 0 0 0 
576 258 25 35 2 0 0 0 0 0 
489 246 29 33 2 0 0 0 0 0 
501 339 28 38 2 0 0 0 0 0 
592 188 25 30 2 0 0 0 0 0 
507 129 24 33 2 0 0 0 0 0 
29--Students_Schoolkids/29_Students_Schoolkids_Students_Schoolkids_29_601.jpg
1
244 637 217 220 0 0 0 0 0 0 
29--Students_Schoolkids/29_Students_Schoolkids_Students_Schoolkids_29_184.jpg
2
202 132 216 288 1 0 0 0 0 0 
510 200 226 328 0 0 0 0 0 0 
29--Students_Schoolkids/29_Students_Schoolkids_Students_Schoolkids_29_275.jpg
22
68 134 14 18 2 0 0 0 0 0 
186 67 10 12 2 0 0 0 0 0 
126 117 9 10 2 0 0 0 1 0 
132 141 12 16 2 0 0 0 0 0 
215 151 12 15 2 0 0 0 0 0 
263 119 9 12 2 0 0 0 2 0 
295 175 21 27 2 0 0 0 0 0 
379 199 28 35 1 0 0 0 0 0 
401 126 12 16 2 0 0 0 2 0 
444 133 12 21 2 0 0 0 0 0 
443 230 27 40 1 0 0 0 1 0 
313 138 20 24 2 0 0 0 2 0 
595 163 17 21 2 0 0 0 2 0 
594 112 15 24 2 0 0 0 2 0 
668 135 19 24 1 0 0 0 0 0 
766 195 81 101 0 0 0 0 0 0 
869 190 34 49 1 0 0 0 0 0 
821 134 26 34 2 0 0 0 0 0 
736 187 29 37 2 0 0 0 0 0 
577 285 42 46 2 0 0 0 2 0 
765 137 17 25 2 0 0 0 0 0 
494 173 15 23 2 0 0 0 0 0 
29--Students_Schoolkids/29_Students_Schoolkids_Students_Schoolkids_29_551.jpg
9
767 183 76 92 2 0 0 0 0 0 
733 95 47 50 2 0 0 0 0 0 
446 76 33 32 2 0 0 0 0 0 
345 63 28 28 2 0 0 0 0 0 
493 174 58 45 2 0 0 0 0 1 
66 366 119 60 2 0 0 0 0 1 
319 607 218 174 1 0 0 0 1 1 
189 87 44 46 2 0 0 0 0 0 
66 69 33 24 2 0 0 0 0 0 
29--Students_Schoolkids/29_Students_Schoolkids_Students_Schoolkids_29_802.jpg
2
788 178 190 230 0 0 0 0 0 0 
728 32 60 98 1 0 0 0 0 0 
29--Students_Schoolkids/29_Students_Schoolkids_Students_Schoolkids_29_671.jpg
3
812 310 17 29 2 0 0 0 0 0 
118 256 6 7 2 0 0 0 0 0 
98 258 5 6 2 0 0 0 1 0 
29--Students_Schoolkids/29_Students_Schoolkids_Students_Schoolkids_29_127.jpg
5
48 266 51 72 1 0 0 0 0 0 
193 269 32 39 2 0 0 0 0 0 
434 284 30 49 1 0 0 0 0 0 
495 178 66 105 0 0 0 0 0 0 
656 160 76 128 0 0 0 0 0 0 
29--Students_Schoolkids/29_Students_Schoolkids_Students_Schoolkids_29_504.jpg
1
798 308 142 234 0 0 0 0 0 0 
29--Students_Schoolkids/29_Students_Schoolkids_Students_Schoolkids_29_381.jpg
10
869 64 30 26 1 0 0 0 0 0 
544 52 10 12 2 0 0 0 2 0 
409 169 51 55 0 0 0 0 0 0 
815 72 12 13 2 0 0 0 0 0 
747 30 11 10 2 0 0 0 1 0 
740 47 11 11 2 0 0 0 0 0 
877 38 13 11 2 0 0 0 0 0 
671 80 11 10 2 0 0 0 0 0 
628 123 14 14 2 0 0 0 0 0 
562 124 9 12 2 0 0 0 2 0 
29--Students_Schoolkids/29_Students_Schoolkids_Students_Schoolkids_29_615.jpg
13
196 486 152 186 0 0 0 0 0 0 
490 290 90 136 0 0 0 0 0 0 
784 284 108 138 0 0 0 0 0 0 
748 128 74 122 0 0 0 0 0 0 
896 82 86 104 0 0 0 0 0 0 
608 84 78 88 0 0 0 0 0 0 
30 266 110 120 0 0 0 0 0 0 
226 244 84 98 1 0 0 0 0 0 
354 192 94 116 0 0 0 0 0 0 
504 92 66 88 1 0 0 0 0 0 
414 86 72 92 1 0 0 0 2 0 
232 98 54 70 1 0 0 0 0 0 
686 38 86 102 1 0 0 0 0 0 
29--Students_Schoolkids/29_Students_Schoolkids_Students_Schoolkids_29_883.jpg
2
468 176 74 102 0 0 0 0 0 0 
758 96 104 126 0 0 0 0 0 0 
29--Students_Schoolkids/29_Students_Schoolkids_Students_Schoolkids_29_224.jpg
8
492 284 34 45 1 0 0 0 0 0 
537 322 32 47 1 0 0 0 0 0 
637 310 30 42 1 0 0 0 0 0 
766 300 33 48 1 0 0 0 0 0 
942 269 26 44 1 0 0 0 0 0 
51 325 29 33 1 0 0 0 0 0 
158 288 30 45 1 0 0 0 0 0 
342 315 32 42 1 0 0 0 0 0 
29--Students_Schoolkids/29_Students_Schoolkids_Students_Schoolkids_29_269.jpg
7
225 295 33 42 2 0 0 0 0 0 
320 296 32 38 2 0 0 0 0 0 
491 299 27 38 2 0 0 0 0 0 
607 284 23 29 2 0 0 0 0 0 
806 15 20 30 2 0 0 0 1 0 
874 210 22 25 2 0 0 0 0 0 
141 352 30 33 2 0 0 0 0 0 
29--Students_Schoolkids/29_Students_Schoolkids_Students_Schoolkids_29_5.jpg
14
76 273 63 77 0 0 0 0 0 0 
192 316 50 65 0 0 0 0 0 0 
170 288 44 57 0 0 0 0 2 0 
353 254 51 60 0 0 0 0 0 0 
428 264 49 66 0 0 0 0 0 0 
481 268 50 74 0 0 0 0 0 0 
535 287 51 74 0 0 0 0 0 0 
644 314 71 91 0 0 0 0 0 0 
704 244 43 66 0 0 0 0 0 0 
776 248 70 91 0 0 0 0 0 0 
823 328 74 100 0 0 0 0 0 0 
894 255 69 85 0 0 0 0 1 0 
646 253 33 56 0 0 0 0 2 0 
1005 262 19 97 0 0 0 0 2 0 
29--Students_Schoolkids/29_Students_Schoolkids_Students_Schoolkids_29_413.jpg
3
321 749 207 253 0 0 0 0 0 0 
740 521 284 398 1 0 0 0 0 0 
487 635 188 207 1 0 0 0 2 0 
29--Students_Schoolkids/29_Students_Schoolkids_Students_Schoolkids_29_315.jpg
3
404 116 124 194 0 0 0 0 0 0 
724 106 140 148 0 0 0 0 0 0 
84 100 88 120 1 0 0 0 0 0 
29--Students_Schoolkids/29_Students_Schoolkids_Students_Schoolkids_29_300.jpg
8
862 126 102 110 0 0 0 0 1 0 
594 236 114 146 0 0 0 0 0 0 
512 270 112 104 0 0 0 0 0 0 
430 176 94 130 0 0 0 0 0 0 
316 296 88 100 0 0 0 0 0 0 
790 264 118 164 0 0 0 0 0 0 
58 190 150 196 0 0 0 0 0 0 
236 194 124 176 0 0 0 0 0 0 
29--Students_Schoolkids/29_Students_Schoolkids_Students_Schoolkids_29_186.jpg
8
435 309 33 56 2 0 0 0 0 0 
594 297 27 45 2 0 0 0 0 1 
823 302 41 61 2 0 0 0 0 0 
897 312 54 85 2 0 0 0 0 0 
913 247 23 32 2 0 0 0 0 0 
694 210 21 24 2 0 0 0 0 0 
834 207 12 19 2 0 0 0 0 0 
987 238 27 27 2 0 0 0 0 0 
29--Students_Schoolkids/29_Students_Schoolkids_Students_Schoolkids_29_874.jpg
1
168 391 17 19 2 0 0 0 0 0 
29--Students_Schoolkids/29_Students_Schoolkids_Students_Schoolkids_29_578.jpg
8
800 346 41 42 0 0 0 0 0 0 
700 311 31 38 0 0 0 0 0 0 
612 318 26 30 0 0 0 0 0 0 
531 311 30 34 0 0 0 0 0 0 
410 308 29 33 0 0 0 0 0 0 
348 325 32 32 0 0 0 0 0 0 
229 319 35 39 0 0 0 0 0 0 
158 337 50 48 0 0 0 0 0 0 
29--Students_Schoolkids/29_Students_Schoolkids_Students_Schoolkids_29_165.jpg
5
324 242 33 44 2 0 0 0 0 0 
201 257 32 52 2 0 0 0 0 0 
716 337 42 57 2 0 0 0 0 0 
712 287 39 47 1 0 0 0 1 0 
551 272 37 45 2 0 0 0 2 0 
29--Students_Schoolkids/29_Students_Schoolkids_Students_Schoolkids_29_573.jpg
2
410 114 72 90 0 0 0 0 0 0 
274 100 64 104 0 0 0 0 0 0 
29--Students_Schoolkids/29_Students_Schoolkids_Students_Schoolkids_29_131.jpg
16
327 163 63 80 0 0 0 0 0 0 
569 205 24 32 2 0 0 0 1 1 
803 326 73 78 0 0 0 0 0 0 
691 193 20 23 2 0 0 0 0 0 
845 213 24 32 2 0 0 0 0 1 
944 250 40 42 1 0 0 0 1 0 
970 182 20 26 2 0 0 0 1 0 
0 271 68 79 1 0 0 0 1 0 
640 302 26 48 2 0 0 0 2 0 
301 209 27 45 2 0 0 0 2 0 
662 195 20 22 2 0 0 0 0 0 
536 202 22 23 2 0 0 0 2 0 
442 205 29 38 2 0 0 0 2 0 
889 159 11 13 2 0 0 0 0 0 
866 127 10 10 2 0 0 0 0 0 
954 145 11 13 2 0 0 0 0 0 
29--Students_Schoolkids/29_Students_Schoolkids_Students_Schoolkids_29_98.jpg
6
109 121 40 59 1 0 0 0 0 0 
459 76 33 41 1 0 0 0 0 0 
619 98 44 42 1 0 0 0 0 0 
562 140 18 25 2 0 0 0 0 0 
597 125 12 16 2 0 0 0 0 0 
970 128 21 25 2 0 0 0 0 0 
29--Students_Schoolkids/29_Students_Schoolkids_Students_Schoolkids_29_709.jpg
28
881 257 21 27 2 0 0 0 0 0 
967 240 19 22 2 0 0 0 0 0 
794 282 21 28 2 0 0 0 0 0 
815 189 10 13 2 0 0 0 0 0 
216 294 19 24 2 0 0 0 1 0 
344 278 28 39 2 0 0 0 0 0 
95 240 15 21 2 0 0 0 0 0 
404 207 12 16 2 0 0 0 0 0 
287 188 9 12 2 0 0 0 0 0 
353 188 9 12 2 0 0 0 0 0 
177 443 46 51 1 0 0 0 0 0 
548 412 42 50 1 0 0 0 0 0 
578 245 14 19 2 0 0 0 0 0 
479 243 15 19 2 0 0 0 0 0 
505 218 15 18 2 0 0 0 0 0 
193 166 5 6 0 0 0 1 0 0 
232 191 9 10 2 0 0 0 0 0 
230 168 6 7 2 0 0 0 0 0 
131 203 9 12 2 0 0 0 2 0 
716 216 10 12 2 0 0 0 0 0 
701 207 9 12 2 0 0 0 0 0 
625 194 8 9 2 0 0 0 2 0 
23 201 8 12 2 0 0 0 0 0 
53 157 4 5 2 0 0 0 0 0 
726 180 8 10 2 0 0 0 0 0 
715 169 8 10 2 0 0 0 0 0 
416 197 10 12 2 0 0 0 0 0 
114 204 14 16 2 0 0 0 1 0 
29--Students_Schoolkids/29_Students_Schoolkids_Students_Schoolkids_29_702.jpg
1
500 26 56 74 0 0 0 0 0 0 
29--Students_Schoolkids/29_Students_Schoolkids_Students_Schoolkids_29_408.jpg
2
715 142 36 56 0 0 0 0 0 0 
571 200 53 59 0 0 0 0 0 0 
29--Students_Schoolkids/29_Students_Schoolkids_Students_Schoolkids_29_922.jpg
4
576 107 45 54 1 0 0 0 0 0 
316 76 49 64 1 0 0 0 0 0 
468 616 12 13 2 0 0 0 0 0 
157 624 10 12 2 0 0 0 0 0 
29--Students_Schoolkids/29_Students_Schoolkids_Students_Schoolkids_29_606.jpg
26
921 204 22 25 2 0 0 0 0 0 
896 110 24 26 2 0 0 0 0 0 
779 111 30 32 1 0 0 0 0 0 
689 155 21 23 2 0 0 0 0 0 
673 128 20 25 1 0 0 0 0 0 
617 127 19 25 1 0 0 0 0 0 
628 179 23 27 1 0 0 0 0 0 
685 212 17 23 2 0 0 0 0 0 
660 226 21 26 1 0 0 0 0 0 
602 244 32 33 2 0 0 0 2 0 
745 232 22 23 2 0 0 0 0 0 
863 174 13 16 2 0 0 0 0 0 
577 130 15 20 2 0 0 0 0 0 
402 127 28 32 1 0 0 0 0 0 
305 144 14 21 2 0 0 0 0 0 
333 139 15 17 2 0 0 0 0 0 
238 129 15 27 2 0 0 0 2 0 
128 145 20 25 2 0 0 0 0 0 
99 129 20 24 2 0 0 0 2 0 
64 131 22 23 2 0 0 0 0 0 
18 117 32 34 1 0 0 0 0 0 
772 188 32 22 2 0 0 0 0 0 
457 166 11 16 2 0 0 0 0 0 
974 187 12 17 2 0 0 0 0 0 
0 274 16 51 2 0 0 0 2 0 
454 145 6 7 2 0 0 0 0 0 
29--Students_Schoolkids/29_Students_Schoolkids_Students_Schoolkids_29_344.jpg
22
395 47 17 20 2 0 0 0 0 0 
445 93 25 43 2 0 0 0 1 0 
323 160 93 87 1 0 0 0 0 0 
277 69 31 42 2 0 0 0 0 0 
59 112 81 90 1 0 0 0 1 0 
18 345 115 177 1 0 0 0 0 1 
667 50 11 14 2 0 0 0 0 0 
960 76 38 40 2 0 0 0 0 0 
850 69 19 23 2 0 0 0 0 0 
801 66 30 40 2 0 0 0 0 0 
691 159 95 131 0 0 0 0 0 0 
856 357 113 171 0 0 0 0 0 0 
776 59 12 17 2 0 0 0 0 0 
599 86 33 44 2 0 0 0 0 0 
549 63 29 31 2 0 0 0 0 0 
674 68 13 13 2 0 0 0 0 0 
477 49 16 20 2 0 0 0 0 0 
220 18 11 15 2 0 0 0 0 0 
533 66 12 19 2 0 0 0 0 0 
346 46 15 16 2 0 0 0 0 0 
932 60 12 15 2 0 0 0 0 0 
941 45 12 15 2 0 0 0 0 0 
29--Students_Schoolkids/29_Students_Schoolkids_Students_Schoolkids_29_112.jpg
4
103 181 44 71 0 0 0 0 0 0 
144 195 33 57 1 0 0 0 0 0 
160 137 34 45 1 0 0 0 0 0 
203 131 30 32 1 0 0 0 0 0 
29--Students_Schoolkids/29_Students_Schoolkids_Students_Schoolkids_29_24.jpg
4
158 90 161 224 0 0 0 0 0 0 
378 857 52 53 1 0 0 0 0 1 
215 890 38 48 2 0 0 0 0 0 
245 793 33 50 2 0 0 0 0 1 
29--Students_Schoolkids/29_Students_Schoolkids_Students_Schoolkids_29_385.jpg
58
17 377 17 21 2 0 0 0 2 0 
161 392 18 22 2 0 0 0 2 0 
265 329 21 26 2 0 0 0 0 0 
310 404 13 16 2 0 0 0 0 0 
45 502 38 41 2 0 0 0 2 0 
127 554 38 43 2 0 0 0 0 0 
108 511 34 41 2 0 0 0 2 0 
202 506 32 35 2 0 0 0 2 0 
284 530 30 33 2 0 0 0 0 0 
327 452 12 18 2 0 0 0 2 0 
415 452 17 19 2 0 0 0 0 0 
385 438 10 11 2 0 0 0 2 0 
475 444 11 12 2 0 0 0 2 0 
502 456 9 11 2 0 0 0 0 0 
541 406 18 21 2 0 0 0 0 0 
619 398 15 18 2 0 0 0 0 0 
576 519 22 25 2 0 0 0 0 0 
536 521 17 26 2 0 0 0 0 0 
492 520 22 31 2 0 0 0 0 0 
370 540 23 26 2 0 0 0 0 0 
779 465 11 12 2 0 0 0 2 0 
715 401 15 14 2 0 0 0 1 0 
873 520 19 18 2 0 0 0 1 0 
896 557 18 21 2 0 0 0 1 0 
843 525 16 19 2 0 0 0 0 0 
853 575 22 18 2 0 0 0 2 0 
811 564 25 25 2 0 0 0 0 0 
975 557 21 18 2 0 0 0 1 0 
924 567 17 21 2 0 0 0 0 0 
965 659 28 32 2 0 0 0 0 0 
989 644 19 24 2 0 0 0 2 0 
917 656 32 34 2 0 0 0 1 0 
870 665 29 33 2 0 0 0 2 0 
816 665 36 36 2 0 0 0 1 0 
945 547 14 16 2 0 0 0 2 0 
775 528 18 20 2 0 0 0 1 0 
779 573 20 22 2 0 0 0 2 0 
745 526 19 19 2 0 0 0 0 0 
710 525 20 22 2 0 0 0 2 0 
665 528 22 24 2 0 0 0 1 0 
633 545 36 38 2 0 0 0 2 0 
674 585 24 26 2 0 0 0 0 0 
699 565 22 28 2 0 0 0 1 0 
708 706 38 38 2 0 0 0 0 0 
639 687 39 41 2 0 0 0 0 0 
530 741 40 44 2 0 0 0 0 0 
520 575 33 33 2 0 0 0 0 0 
430 544 21 27 2 0 0 0 2 0 
593 458 8 12 2 0 0 0 2 0 
446 738 44 60 1 0 0 0 0 0 
425 575 36 45 2 0 0 0 0 0 
350 585 35 43 2 0 0 0 0 0 
350 771 50 56 1 0 0 0 0 0 
12 599 51 63 1 0 0 0 0 0 
617 523 27 35 2 0 0 0 2 0 
721 553 28 37 2 0 0 0 2 0 
757 454 10 12 2 0 0 0 0 0 
255 571 42 49 2 0 0 0 1 0 
29--Students_Schoolkids/29_Students_Schoolkids_Students_Schoolkids_29_518.jpg
26
906 248 60 63 0 0 0 0 0 0 
921 159 33 33 2 0 0 0 0 0 
971 180 28 29 2 0 0 0 0 0 
929 88 19 20 2 0 0 0 0 0 
780 238 47 59 1 0 0 0 0 0 
870 206 27 50 1 0 0 0 0 0 
718 214 37 47 1 0 0 0 0 0 
816 159 25 26 2 0 0 0 0 0 
765 183 30 38 1 0 0 0 0 0 
631 179 31 37 2 0 0 0 2 0 
615 178 26 29 2 0 0 0 2 0 
603 151 21 24 2 0 0 0 0 0 
598 88 22 25 2 0 0 0 0 0 
684 72 16 22 2 0 0 0 1 0 
519 157 31 34 2 0 0 0 0 0 
570 185 24 26 2 0 0 0 2 0 
516 228 42 51 1 0 0 0 0 0 
458 284 55 58 1 0 0 0 0 0 
340 229 43 53 1 0 0 0 0 0 
504 81 20 24 2 0 0 0 0 0 
366 91 34 33 2 0 0 0 0 1 
47 23 82 171 0 0 0 0 0 0 
912 322 55 59 0 0 0 0 0 0 
764 462 98 124 0 0 0 0 0 0 
198 109 16 19 2 0 0 0 0 0 
921 215 33 48 1 0 0 0 2 0 
29--Students_Schoolkids/29_Students_Schoolkids_Students_Schoolkids_29_278.jpg
1
164 230 102 140 1 0 0 0 0 0 
29--Students_Schoolkids/29_Students_Schoolkids_Students_Schoolkids_29_759.jpg
4
830 144 126 164 0 0 0 0 0 0 
330 174 102 154 0 0 0 0 0 0 
560 48 98 154 0 0 0 0 0 0 
190 58 88 122 0 0 0 0 0 0 
29--Students_Schoolkids/29_Students_Schoolkids_Students_Schoolkids_29_18.jpg
20
164 142 78 101 0 0 0 0 0 0 
120 12 47 58 1 0 0 0 0 0 
216 5 29 35 1 0 0 0 0 0 
283 49 37 46 2 0 0 0 0 0 
833 146 37 47 1 0 0 0 0 0 
649 40 16 24 2 0 0 0 0 0 
734 37 17 22 2 0 0 0 0 0 
856 58 24 30 2 0 0 0 0 0 
792 76 20 33 1 0 0 0 2 0 
879 119 32 51 1 0 0 0 0 0 
915 116 28 44 1 0 0 0 0 0 
695 122 43 61 1 0 0 0 1 0 
570 107 41 72 1 0 0 0 0 0 
320 20 31 37 1 0 0 0 1 0 
408 29 24 31 2 0 0 0 2 0 
441 200 52 73 1 0 0 0 1 0 
507 33 19 28 2 0 0 0 1 0 
836 146 34 47 1 0 0 0 0 0 
695 46 16 20 2 0 0 0 0 0 
570 26 21 27 2 0 0 0 1 0 
29--Students_Schoolkids/29_Students_Schoolkids_Students_Schoolkids_29_526.jpg
4
264 96 116 172 0 0 0 0 0 0 
568 120 118 176 0 0 0 0 0 0 
780 182 110 134 0 0 0 0 0 0 
34 256 114 140 0 0 0 0 0 0 
29--Students_Schoolkids/29_Students_Schoolkids_Students_Schoolkids_29_655.jpg
7
460 245 12 31 2 0 0 0 1 0 
262 215 31 39 1 0 0 0 0 0 
886 308 18 19 2 0 0 0 0 0 
138 263 19 23 2 0 0 0 1 0 
277 327 7 10 2 0 0 0 2 0 
363 353 4 5 2 0 0 0 2 0 
223 329 7 9 2 0 0 0 0 0 
29--Students_Schoolkids/29_Students_Schoolkids_Students_Schoolkids_29_63.jpg
4
238 216 152 218 0 0 0 0 0 0 
408 150 134 196 0 0 0 0 0 0 
572 186 116 166 0 0 0 0 0 0 
722 252 128 160 0 0 0 0 0 0 
29--Students_Schoolkids/29_Students_Schoolkids_Students_Schoolkids_29_267.jpg
6
367 73 38 50 1 0 0 0 0 0 
327 89 48 62 1 0 0 0 0 0 
156 156 76 84 1 0 0 0 0 0 
191 442 102 120 1 0 0 0 0 1 
661 115 142 93 1 0 0 0 0 1 
738 337 100 133 1 0 0 0 0 1 
29--Students_Schoolkids/29_Students_Schoolkids_Students_Schoolkids_29_676.jpg
6
346 84 85 76 1 0 0 0 0 1 
530 176 33 46 1 0 0 0 0 0 
786 239 46 63 1 0 0 0 0 0 
855 148 20 28 1 0 0 0 0 0 
956 136 22 34 1 0 0 0 0 0 
781 345 72 129 1 0 0 0 0 1 
29--Students_Schoolkids/29_Students_Schoolkids_Students_Schoolkids_29_696.jpg
11
834 84 32 44 1 0 0 0 0 0 
781 55 17 23 2 0 0 0 0 0 
700 21 13 18 2 0 0 0 0 0 
610 43 27 33 2 0 0 0 0 0 
578 100 34 40 2 0 0 0 0 0 
495 141 31 39 2 0 0 0 0 0 
458 47 24 30 2 0 0 0 0 0 
415 19 24 30 2 0 0 0 0 0 
712 230 76 59 2 0 0 0 0 1 
329 456 49 68 1 0 0 0 0 0 
0 19 58 135 0 0 0 0 1 0 
29--Students_Schoolkids/29_Students_Schoolkids_Students_Schoolkids_29_94.jpg
2
324 304 104 140 0 0 0 0 0 0 
430 102 124 158 0 0 0 0 0 0 
29--Students_Schoolkids/29_Students_Schoolkids_Students_Schoolkids_29_772.jpg
2
529 145 92 117 0 1 0 0 0 0 
14 403 67 90 0 0 0 0 0 0 
29--Students_Schoolkids/29_Students_Schoolkids_Students_Schoolkids_29_114.jpg
4
590 199 42 53 0 0 0 0 0 0 
771 164 38 63 0 0 0 0 0 0 
192 77 54 76 0 0 0 0 0 0 
421 31 43 57 1 0 0 0 0 0 
29--Students_Schoolkids/29_Students_Schoolkids_Students_Schoolkids_29_603.jpg
1
531 444 296 185 0 0 0 0 0 1 
29--Students_Schoolkids/29_Students_Schoolkids_Students_Schoolkids_29_580.jpg
1
460 242 182 198 0 0 0 0 0 0 
29--Students_Schoolkids/29_Students_Schoolkids_Students_Schoolkids_29_160.jpg
1
234 156 188 276 0 0 0 0 0 0 
29--Students_Schoolkids/29_Students_Schoolkids_Students_Schoolkids_29_33.jpg
6
716 80 47 59 2 0 0 0 0 0 
846 107 45 82 2 0 0 0 0 0 
216 133 59 100 1 0 0 0 2 0 
222 59 46 55 2 0 0 0 1 0 
330 48 14 21 2 0 0 0 0 0 
369 80 16 16 2 0 0 0 0 0 
29--Students_Schoolkids/29_Students_Schoolkids_Students_Schoolkids_29_854.jpg
11
770 251 19 23 2 0 0 0 0 0 
743 196 9 11 2 0 0 0 0 0 
767 210 7 10 2 0 0 0 2 0 
812 193 8 8 2 0 0 0 0 0 
641 196 9 11 2 0 0 0 0 0 
599 199 8 10 2 0 0 0 0 0 
516 209 7 11 2 0 0 0 0 0 
444 205 8 12 2 0 0 0 0 0 
321 292 20 27 2 0 1 0 0 0 
127 279 17 24 2 0 1 0 0 0 
470 205 7 11 2 0 0 0 0 0 
29--Students_Schoolkids/29_Students_Schoolkids_Students_Schoolkids_29_807.jpg
37
989 367 29 43 1 0 0 0 0 0 
981 428 32 51 1 0 0 0 0 0 
944 379 25 33 2 0 0 0 0 0 
884 375 22 22 2 0 0 0 0 0 
842 348 17 18 2 0 0 0 0 0 
811 348 16 17 2 0 0 0 1 0 
754 370 15 25 2 0 0 0 2 0 
782 343 15 15 2 0 0 0 0 0 
721 347 14 22 2 0 0 0 0 0 
743 336 12 16 2 0 0 0 0 0 
721 388 25 37 2 0 0 0 0 0 
697 395 25 41 1 0 0 0 0 0 
924 372 21 18 2 0 0 0 2 0 
671 361 22 26 2 0 0 0 2 0 
621 358 16 25 2 0 0 0 0 0 
561 356 21 29 1 0 0 0 1 0 
515 385 26 35 1 0 0 0 2 0 
492 374 16 30 2 0 0 0 0 0 
400 394 36 46 1 0 0 0 0 0 
421 330 14 20 2 0 0 0 2 0 
396 338 14 19 2 0 0 0 2 0 
443 335 13 15 2 0 0 0 0 0 
487 348 14 20 2 0 0 0 0 0 
474 331 10 11 2 0 0 0 1 0 
585 335 13 19 2 0 0 0 0 0 
491 312 7 9 2 0 0 0 0 0 
487 340 13 14 2 0 0 0 1 0 
311 367 22 30 1 0 0 0 2 0 
334 354 11 19 2 0 0 0 0 0 
288 335 13 16 2 0 0 0 1 0 
300 321 10 14 2 0 0 0 1 0 
243 333 14 22 2 0 0 0 1 0 
232 384 43 54 1 0 0 0 0 0 
106 408 53 56 1 0 0 0 0 0 
180 365 17 32 2 0 0 0 0 0 
192 344 19 23 2 0 0 0 0 0 
11 409 39 51 2 0 0 0 0 0 
29--Students_Schoolkids/29_Students_Schoolkids_Students_Schoolkids_29_545.jpg
17
51 215 96 93 0 0 0 0 0 0 
281 218 102 119 0 0 0 0 0 0 
432 365 93 100 0 0 0 0 0 0 
535 405 104 103 0 0 0 0 0 0 
640 387 127 122 0 0 0 0 0 0 
815 337 150 149 0 0 0 0 0 0 
624 247 73 84 0 0 0 0 0 0 
521 309 74 76 0 0 0 0 2 0 
454 229 55 62 0 0 0 0 0 0 
584 288 55 63 0 0 0 0 2 0 
733 302 30 29 1 0 0 0 1 0 
771 263 77 81 0 0 0 0 2 0 
575 251 43 46 0 0 0 0 2 0 
361 294 67 69 0 0 0 0 0 0 
988 316 36 86 0 0 0 0 2 0 
11 255 67 87 0 0 0 0 1 0 
720 293 33 37 1 0 0 0 2 0 
29--Students_Schoolkids/29_Students_Schoolkids_Students_Schoolkids_29_442.jpg
1
393 285 254 353 0 0 0 0 1 0 
29--Students_Schoolkids/29_Students_Schoolkids_Students_Schoolkids_29_942.jpg
2
260 96 234 272 0 0 0 0 0 0 
590 270 196 238 0 0 0 0 0 0 
29--Students_Schoolkids/29_Students_Schoolkids_Students_Schoolkids_29_912.jpg
5
860 637 53 79 2 0 0 0 0 0 
834 508 55 67 2 0 0 0 0 0 
949 477 48 65 1 0 0 0 0 0 
728 363 53 73 1 0 0 0 2 0 
500 298 85 113 1 0 0 0 0 0 
29--Students_Schoolkids/29_Students_Schoolkids_Students_Schoolkids_29_820.jpg
7
620 200 27 31 1 0 0 0 0 0 
551 196 27 28 1 0 0 0 0 0 
492 202 30 34 1 0 0 0 0 0 
421 207 32 42 1 0 0 0 0 0 
445 195 27 31 1 0 0 0 1 0 
509 175 8 11 1 0 0 0 0 0 
3 164 18 20 1 0 0 0 0 0 
29--Students_Schoolkids/29_Students_Schoolkids_Students_Schoolkids_29_824.jpg
1
235 203 312 445 0 0 0 0 0 0 
29--Students_Schoolkids/29_Students_Schoolkids_Students_Schoolkids_29_570.jpg
1
642 176 128 134 0 0 0 0 0 0 
29--Students_Schoolkids/29_Students_Schoolkids_Students_Schoolkids_29_215.jpg
6
755 235 76 103 0 0 0 0 0 0 
64 143 48 82 0 0 0 0 0 0 
244 127 56 73 0 0 0 0 0 0 
382 196 73 95 0 0 0 0 0 0 
526 165 45 67 1 0 0 0 0 0 
729 175 49 64 1 0 0 0 0 0 
29--Students_Schoolkids/29_Students_Schoolkids_Students_Schoolkids_29_19.jpg
2
236 312 278 288 0 0 0 0 0 0 
502 186 258 316 0 0 0 0 0 0 
29--Students_Schoolkids/29_Students_Schoolkids_Students_Schoolkids_29_27.jpg
4
336 633 167 242 0 0 0 0 0 0 
573 620 295 145 0 1 0 0 0 1 
631 237 148 220 0 0 0 0 0 1 
143 370 269 165 0 1 0 0 0 1 
29--Students_Schoolkids/29_Students_Schoolkids_Students_Schoolkids_29_714.jpg
3
810 288 86 122 0 0 0 0 0 0 
768 266 60 88 1 0 0 0 0 0 
634 170 56 60 2 0 0 0 2 0 
29--Students_Schoolkids/29_Students_Schoolkids_Students_Schoolkids_29_268.jpg
1
284 222 480 732 0 0 0 0 0 0 
29--Students_Schoolkids/29_Students_Schoolkids_Students_Schoolkids_29_305.jpg
13
704 133 33 40 1 0 0 0 0 0 
803 333 23 34 2 0 0 0 2 1 
642 339 26 30 2 0 0 0 1 0 
466 181 29 33 1 0 0 0 0 0 
447 368 35 32 1 0 0 0 0 0 
344 345 31 35 1 0 0 0 0 0 
407 339 23 28 2 0 0 0 2 0 
170 225 31 35 2 0 0 0 0 0 
114 329 34 33 2 0 0 0 0 0 
212 356 22 30 2 0 0 0 1 0 
82 402 31 44 1 0 0 0 0 0 
439 543 60 63 0 0 0 0 1 0 
149 573 32 68 1 0 0 0 1 1 
29--Students_Schoolkids/29_Students_Schoolkids_Students_Schoolkids_29_2.jpg
6
160 376 104 130 0 0 0 0 0 0 
502 304 52 76 1 0 0 0 0 0 
916 326 76 76 1 0 0 0 0 0 
688 298 100 132 0 0 0 0 0 0 
386 288 76 106 1 0 0 0 0 0 
138 270 62 76 1 0 0 0 0 0 
29--Students_Schoolkids/29_Students_Schoolkids_Students_Schoolkids_29_447.jpg
1
530 72 98 120 0 0 0 0 0 0 
29--Students_Schoolkids/29_Students_Schoolkids_Students_Schoolkids_29_287.jpg
4
222 310 61 79 0 0 0 0 0 0 
259 238 55 62 0 0 0 0 0 0 
417 255 60 70 0 0 0 0 0 0 
612 207 50 64 0 0 0 0 0 0 
29--Students_Schoolkids/29_Students_Schoolkids_Students_Schoolkids_29_547.jpg
6
580 534 17 18 2 0 0 0 0 0 
352 550 20 22 1 0 0 0 0 0 
371 517 12 15 2 0 0 0 1 0 
331 531 10 17 2 0 0 0 2 0 
923 505 19 26 1 0 0 0 2 0 
894 454 24 30 1 0 0 0 0 0 
29--Students_Schoolkids/29_Students_Schoolkids_Students_Schoolkids_29_668.jpg
2
346 57 120 159 0 0 0 0 0 0 
609 295 13 19 2 0 0 0 0 0 
29--Students_Schoolkids/29_Students_Schoolkids_Students_Schoolkids_29_72.jpg
2
708 116 178 204 0 0 0 0 0 0 
150 190 138 62 1 0 0 0 0 1 
29--Students_Schoolkids/29_Students_Schoolkids_Students_Schoolkids_29_313.jpg
16
958 114 26 39 2 0 0 0 2 0 
817 106 34 47 1 0 0 0 0 0 
727 92 25 35 2 0 0 0 0 0 
913 150 18 25 2 0 0 0 0 0 
545 109 28 45 1 0 0 0 0 0 
442 106 32 36 1 0 0 0 1 0 
399 126 40 53 1 1 0 0 0 0 
477 197 30 34 1 0 0 0 0 0 
203 106 32 38 2 0 0 0 0 0 
147 141 31 43 1 0 0 0 0 0 
131 61 28 45 1 0 0 0 0 0 
172 147 27 38 1 0 0 0 1 0 
294 144 36 39 1 0 0 0 0 0 
36 73 31 37 1 0 0 0 2 0 
230 88 22 35 2 0 0 0 2 0 
683 184 19 29 2 0 0 0 2 0 
29--Students_Schoolkids/29_Students_Schoolkids_Students_Schoolkids_29_88.jpg
6
14 115 47 79 0 0 0 0 0 0 
127 265 40 55 0 0 0 0 0 0 
408 243 29 54 2 0 0 0 0 0 
463 212 27 41 0 0 0 0 2 0 
762 113 41 67 0 0 0 0 0 0 
729 219 32 46 1 0 0 0 0 0 
29--Students_Schoolkids/29_Students_Schoolkids_Students_Schoolkids_29_475.jpg
2
328 14 88 164 0 0 0 0 0 1 
586 128 82 114 0 0 0 0 0 0 
29--Students_Schoolkids/29_Students_Schoolkids_Students_Schoolkids_29_230.jpg
41
6 106 16 27 2 0 0 0 0 0 
66 119 14 20 2 0 0 0 0 0 
51 82 14 25 2 0 0 0 2 0 
79 86 16 20 2 0 0 0 2 0 
105 87 20 20 2 0 0 0 0 0 
146 86 16 16 2 0 0 0 0 0 
188 86 18 20 2 0 0 0 0 0 
233 85 13 19 2 0 0 0 0 0 
262 68 17 16 2 0 0 0 1 0 
294 80 10 16 2 0 0 0 0 0 
334 85 10 13 2 0 0 0 1 0 
366 80 12 16 2 0 0 0 1 0 
416 76 10 12 2 0 0 0 0 0 
418 52 12 13 2 0 0 0 0 0 
442 65 9 13 2 0 0 0 2 0 
466 76 8 12 2 0 0 0 2 0 
499 43 11 16 2 0 0 0 0 0 
523 78 11 13 2 0 0 0 0 0 
581 52 12 18 2 0 0 0 0 0 
551 40 14 16 2 0 0 0 0 0 
615 46 12 14 2 0 0 0 0 0 
612 78 11 12 2 0 0 0 0 0 
668 46 1 0 2 0 0 0 2 0 
667 46 13 16 2 0 0 0 0 0 
654 73 11 12 2 0 0 0 0 0 
685 73 9 9 2 0 0 0 2 0 
712 64 9 12 2 0 0 0 1 0 
759 29 14 17 2 0 0 0 0 0 
762 76 13 15 2 0 0 0 0 0 
790 29 13 17 2 0 0 0 2 0 
818 41 15 19 2 0 0 0 0 0 
796 62 13 19 2 0 0 0 0 0 
851 66 17 18 2 0 0 0 0 0 
886 42 13 17 2 0 0 0 0 0 
888 96 12 14 2 0 0 0 0 0 
988 79 17 20 2 0 0 0 0 0 
936 65 11 17 2 0 0 0 0 0 
936 92 13 19 2 0 0 0 0 0 
59 68 17 18 2 0 0 0 1 0 
813 68 11 15 2 0 0 0 0 0 
872 72 14 15 2 0 0 0 0 0 
29--Students_Schoolkids/29_Students_Schoolkids_Students_Schoolkids_29_649.jpg
11
685 261 40 46 1 0 0 0 0 0 
628 271 41 52 1 0 0 0 0 0 
574 230 34 36 1 0 0 0 0 0 
655 157 41 48 1 0 0 0 0 0 
635 137 34 41 1 0 0 0 1 0 
523 331 37 48 1 0 0 0 0 0 
460 236 37 46 1 0 0 0 0 0 
464 355 35 48 1 0 0 0 0 0 
421 346 32 43 1 0 0 0 1 0 
351 248 38 46 1 0 0 0 0 0 
366 459 35 35 1 0 0 0 0 0 
29--Students_Schoolkids/29_Students_Schoolkids_Students_Schoolkids_29_262.jpg
2
584 102 228 352 0 0 0 0 1 0 
202 106 246 340 0 0 0 0 1 0 
29--Students_Schoolkids/29_Students_Schoolkids_Students_Schoolkids_29_181.jpg
6
282 120 124 133 0 0 0 0 0 0 
435 208 62 90 0 0 0 0 0 0 
170 186 42 49 2 0 0 0 0 0 
646 311 42 66 1 0 0 0 0 0 
558 335 35 40 2 0 0 0 0 0 
933 88 51 88 1 0 0 0 0 1 
29--Students_Schoolkids/29_Students_Schoolkids_Students_Schoolkids_29_449.jpg
1
383 463 307 367 0 0 0 0 0 0 
29--Students_Schoolkids/29_Students_Schoolkids_Students_Schoolkids_29_68.jpg
15
581 65 53 88 1 0 0 0 0 0 
11 294 43 61 1 0 0 0 0 0 
200 332 31 39 1 0 0 0 0 0 
184 370 40 46 1 0 0 0 0 0 
237 372 40 59 1 0 0 0 0 0 
295 341 36 49 0 0 0 0 0 0 
426 337 21 37 1 0 0 0 0 0 
446 370 33 50 1 0 0 0 0 0 
836 318 46 60 1 0 0 0 0 0 
795 361 31 52 1 0 0 0 1 0 
938 380 39 49 1 0 0 0 0 0 
949 334 31 38 1 0 0 0 1 0 
480 362 38 46 1 0 0 0 2 0 
887 355 34 45 1 0 0 0 2 0 
70 377 39 51 1 0 0 0 0 0 
29--Students_Schoolkids/29_Students_Schoolkids_Students_Schoolkids_29_175.jpg
11
609 839 263 316 0 0 0 0 0 0 
513 513 172 271 0 0 0 0 0 0 
46 652 185 258 0 0 0 0 0 0 
169 417 154 207 0 1 0 0 0 0 
321 253 119 162 0 0 0 0 0 0 
685 346 144 230 0 0 0 0 0 0 
731 233 134 134 0 0 0 0 2 0 
465 91 116 154 0 0 0 0 0 0 
579 185 101 126 1 0 0 0 1 0 
162 139 109 152 0 0 0 0 0 0 
354 66 88 104 1 0 0 0 0 0 
29--Students_Schoolkids/29_Students_Schoolkids_Students_Schoolkids_29_123.jpg
1
291 199 255 383 0 0 0 0 0 0 
29--Students_Schoolkids/29_Students_Schoolkids_Students_Schoolkids_29_472.jpg
4
410 150 142 148 0 0 0 0 0 1 
370 292 84 98 0 0 0 0 0 0 
146 268 88 96 0 0 0 0 0 0 
36 290 64 68 1 0 0 0 1 0 
29--Students_Schoolkids/29_Students_Schoolkids_Students_Schoolkids_29_327.jpg
1
444 126 166 216 0 0 0 0 0 0 
29--Students_Schoolkids/29_Students_Schoolkids_Students_Schoolkids_29_78.jpg
21
153 337 20 34 1 0 0 0 1 0 
219 340 31 40 1 0 0 0 0 0 
167 263 25 28 2 0 0 0 0 0 
336 318 24 34 1 0 0 0 0 0 
434 321 29 38 1 0 0 0 0 0 
486 340 31 39 1 0 0 0 0 0 
651 210 32 41 1 0 0 0 0 0 
748 241 29 38 1 0 0 0 0 0 
659 301 32 39 1 0 0 0 0 0 
758 300 30 36 1 0 0 0 0 0 
793 275 30 38 1 0 0 0 0 0 
889 361 28 39 1 0 0 0 0 0 
876 270 29 34 1 1 0 0 0 0 
855 345 34 31 1 0 0 0 0 0 
596 285 27 40 1 0 0 0 0 1 
561 242 24 31 2 0 0 0 2 0 
421 306 22 29 2 0 0 0 1 0 
716 191 8 18 2 0 0 0 0 0 
1002 293 22 35 1 0 0 0 0 0 
515 322 21 19 2 0 0 0 0 1 
41 258 14 23 2 0 0 0 0 0 
29--Students_Schoolkids/29_Students_Schoolkids_Students_Schoolkids_29_705.jpg
4
191 88 46 60 0 0 0 0 0 0 
326 140 51 52 0 0 0 0 0 0 
603 250 80 102 0 0 0 0 0 0 
557 93 44 53 0 0 0 0 0 0 
29--Students_Schoolkids/29_Students_Schoolkids_Students_Schoolkids_29_227.jpg
11
95 175 39 50 1 0 0 0 0 0 
242 237 70 88 1 0 0 0 0 0 
510 337 70 112 1 0 0 0 0 0 
69 115 27 33 2 0 0 0 1 0 
203 77 32 43 2 0 0 0 0 0 
589 96 13 20 2 0 0 0 0 0 
676 56 15 19 2 0 0 0 0 0 
693 79 15 18 2 0 0 0 2 0 
903 53 13 22 2 0 0 0 2 0 
718 19 12 17 2 0 0 0 0 0 
780 88 17 20 2 0 0 0 0 0 
29--Students_Schoolkids/29_Students_Schoolkids_Students_Schoolkids_29_639.jpg
5
696 282 48 61 0 0 0 0 0 0 
575 313 50 53 0 0 0 0 0 0 
458 231 55 74 0 0 0 0 0 0 
318 265 43 55 0 0 0 0 0 0 
122 305 56 61 0 0 0 0 0 0 
29--Students_Schoolkids/29_Students_Schoolkids_Students_Schoolkids_29_604.jpg
28
566 114 56 70 1 0 0 0 0 0 
676 96 32 34 2 0 0 0 0 0 
647 105 27 31 2 0 0 0 0 0 
548 96 39 43 2 0 0 0 1 0 
935 85 51 61 1 0 0 0 0 0 
987 89 36 48 2 0 0 0 0 0 
142 83 24 28 2 0 0 0 2 0 
492 61 24 27 2 0 0 0 2 0 
349 133 53 67 1 0 0 0 0 0 
260 130 56 68 1 0 0 0 0 0 
212 112 51 56 1 0 0 0 0 0 
49 128 49 54 1 0 0 0 0 0 
112 111 36 40 1 0 0 0 0 0 
30 103 40 51 1 0 0 0 0 0 
255 81 42 52 1 0 0 0 2 0 
380 74 29 30 2 0 0 0 1 0 
419 112 35 45 1 0 0 0 2 0 
437 77 32 39 2 0 0 0 2 0 
479 125 47 56 1 0 0 0 0 0 
876 98 28 40 2 0 0 0 2 0 
914 72 23 30 2 0 0 0 0 0 
632 79 27 27 2 0 0 0 0 0 
602 73 23 30 2 0 0 0 2 0 
665 74 18 26 2 0 0 0 1 0 
0 110 29 40 2 0 0 0 2 0 
185 109 37 55 2 0 0 0 0 0 
306 90 39 55 2 0 0 0 2 0 
713 76 41 50 2 0 0 0 2 0 
29--Students_Schoolkids/29_Students_Schoolkids_Students_Schoolkids_29_911.jpg
1
378 134 56 90 1 1 0 0 0 0 
29--Students_Schoolkids/29_Students_Schoolkids_Students_Schoolkids_29_288.jpg
1
496 110 96 124 0 0 0 0 0 0 
29--Students_Schoolkids/29_Students_Schoolkids_Students_Schoolkids_29_309.jpg
15
564 312 59 63 0 0 0 0 0 0 
323 513 119 110 1 0 0 0 0 1 
762 186 29 28 2 0 0 0 0 0 
718 236 31 31 1 0 0 0 0 1 
528 288 44 47 1 0 0 0 2 0 
614 238 31 31 1 0 0 0 2 0 
507 218 19 18 2 0 0 0 0 0 
435 261 33 39 1 0 0 0 0 0 
394 229 18 21 2 0 0 0 0 0 
348 299 56 53 1 0 0 0 0 0 
387 264 41 57 1 0 0 0 2 0 
230 299 42 42 1 0 0 0 1 0 
228 389 89 89 0 0 0 0 0 0 
932 99 19 20 2 0 0 0 1 0 
889 162 26 30 1 0 0 0 0 0 
29--Students_Schoolkids/29_Students_Schoolkids_Students_Schoolkids_29_678.jpg
5
676 228 21 31 2 0 0 0 1 0 
625 243 15 24 2 0 0 0 0 0 
499 233 20 24 2 0 0 0 0 0 
113 245 9 11 2 0 0 0 0 0 
20 259 7 13 2 0 0 0 2 0 
29--Students_Schoolkids/29_Students_Schoolkids_Students_Schoolkids_29_478.jpg
12
463 116 71 88 0 0 0 0 0 0 
729 185 51 63 0 0 0 0 0 0 
925 168 59 63 0 0 0 0 0 0 
873 228 49 52 1 0 0 0 1 0 
294 240 43 41 1 0 0 0 0 1 
362 245 40 49 1 0 0 0 2 0 
157 170 69 82 0 0 0 0 0 0 
1 181 46 62 1 0 0 0 0 0 
606 252 34 42 1 0 0 0 2 0 
250 252 30 37 2 0 0 0 2 0 
520 185 49 54 0 0 0 0 1 0 
747 181 42 63 0 0 0 0 0 0 
29--Students_Schoolkids/29_Students_Schoolkids_Students_Schoolkids_29_833.jpg
2
786 230 164 242 0 1 0 0 0 0 
198 224 178 326 0 1 0 0 0 0 
29--Students_Schoolkids/29_Students_Schoolkids_Students_Schoolkids_29_382.jpg
2
868 320 152 88 1 0 0 0 0 1 
186 140 176 220 0 0 0 0 0 0 
29--Students_Schoolkids/29_Students_Schoolkids_Students_Schoolkids_29_579.jpg
1
357 352 315 375 0 0 0 0 0 0 
29--Students_Schoolkids/29_Students_Schoolkids_Students_Schoolkids_29_929.jpg
1
440 104 104 176 0 0 0 0 0 0 
29--Students_Schoolkids/29_Students_Schoolkids_Students_Schoolkids_29_342.jpg
2
570 156 270 222 1 0 0 0 0 0 
210 220 242 220 0 0 0 0 0 0 
29--Students_Schoolkids/29_Students_Schoolkids_Students_Schoolkids_29_438.jpg
9
601 109 100 134 0 0 0 0 0 0 
752 177 80 114 0 0 0 0 1 0 
864 37 94 140 1 0 0 0 0 0 
938 9 72 123 1 0 0 0 0 0 
223 149 120 146 0 0 0 0 0 0 
355 40 80 137 1 0 0 0 0 0 
237 66 83 114 1 0 0 0 2 0 
66 14 72 112 1 0 0 0 0 0 
483 23 86 120 1 0 0 0 0 0 
29--Students_Schoolkids/29_Students_Schoolkids_Students_Schoolkids_29_70.jpg
28
49 211 52 58 1 0 0 0 0 0 
113 266 37 50 1 0 0 0 0 0 
152 263 31 42 1 0 0 0 0 0 
194 287 34 50 1 0 0 0 0 0 
240 294 38 47 1 0 0 0 0 0 
320 289 35 42 1 0 0 0 0 0 
275 281 34 42 1 0 0 0 0 0 
116 422 48 56 1 0 0 0 2 0 
188 383 45 55 1 0 0 0 0 0 
406 286 40 47 1 0 0 0 0 0 
360 262 34 44 1 0 0 0 1 0 
441 253 38 45 1 0 0 0 0 0 
495 269 39 52 1 0 0 0 0 0 
508 227 35 40 2 0 0 0 1 0 
556 262 33 49 1 0 0 0 0 0 
589 290 35 43 1 0 0 0 1 0 
656 295 38 44 1 0 0 0 0 0 
612 248 31 39 2 0 0 0 1 0 
691 256 29 45 2 0 0 0 0 0 
801 252 37 57 1 0 0 0 0 0 
885 277 40 53 1 0 0 0 0 0 
953 232 42 59 1 0 0 0 0 0 
856 356 48 70 1 0 0 0 0 0 
790 409 46 66 1 0 0 0 1 0 
749 290 28 37 2 0 0 0 2 0 
755 374 36 60 1 0 0 0 1 0 
859 271 31 57 1 0 0 0 1 0 
417 249 27 34 2 0 0 0 1 0 
29--Students_Schoolkids/29_Students_Schoolkids_Students_Schoolkids_29_919.jpg
1
480 160 136 186 0 0 0 0 0 0 
29--Students_Schoolkids/29_Students_Schoolkids_Students_Schoolkids_29_293.jpg
12
684 345 70 97 0 0 0 0 0 0 
592 349 63 84 0 0 0 0 0 0 
594 208 58 81 0 0 0 0 0 0 
703 289 55 69 0 0 0 0 2 0 
452 364 68 91 0 0 0 0 0 0 
401 335 56 72 0 0 0 0 0 0 
449 275 48 59 0 0 0 0 0 0 
320 336 54 80 0 0 0 0 0 0 
277 273 46 62 0 0 0 0 0 0 
221 327 57 78 2 0 0 0 0 0 
150 328 49 70 0 0 0 0 0 0 
63 343 59 73 0 0 0 0 0 0 
29--Students_Schoolkids/29_Students_Schoolkids_Students_Schoolkids_29_373.jpg
4
738 184 118 114 0 0 0 0 0 0 
550 70 68 74 0 0 0 0 0 0 
270 58 60 78 0 0 0 0 0 0 
398 48 56 94 0 0 0 0 0 0 
29--Students_Schoolkids/29_Students_Schoolkids_Students_Schoolkids_29_349.jpg
4
278 312 100 112 0 0 0 0 0 0 
468 272 118 160 0 0 0 0 0 0 
676 198 148 206 1 0 0 0 0 0 
356 46 58 64 2 0 0 0 0 0 
29--Students_Schoolkids/29_Students_Schoolkids_Students_Schoolkids_29_228.jpg
1
452 100 144 206 0 0 0 0 0 0 
29--Students_Schoolkids/29_Students_Schoolkids_Students_Schoolkids_29_673.jpg
35
480 442 83 109 0 0 0 0 0 0 
274 18 15 25 1 0 0 0 0 0 
292 12 13 21 1 0 0 0 2 0 
318 5 17 25 1 0 0 0 0 0 
319 50 20 26 1 0 0 0 0 0 
305 35 16 25 1 0 0 0 1 0 
228 55 22 21 1 0 0 0 0 0 
283 79 20 34 1 0 0 0 2 0 
238 8 16 17 2 0 0 0 0 0 
352 36 18 21 2 0 0 0 0 0 
414 12 14 24 2 0 0 0 0 0 
387 139 23 54 1 0 0 0 1 0 
267 187 31 51 1 0 0 0 2 0 
354 190 37 56 1 0 0 0 0 0 
57 156 37 58 1 0 0 0 2 0 
459 159 34 42 1 0 0 0 2 0 
426 256 37 53 0 0 0 0 2 0 
17 32 18 22 1 0 0 0 0 0 
497 68 21 35 1 0 0 0 0 0 
497 29 21 26 1 0 0 0 0 0 
517 4 15 21 2 0 0 0 0 0 
591 59 20 25 1 0 0 0 2 0 
582 123 28 35 1 0 0 0 2 0 
632 8 17 19 1 0 0 0 0 0 
590 0 15 11 2 0 0 0 0 0 
585 35 15 21 1 0 0 0 2 0 
551 26 14 21 2 0 0 0 0 0 
478 33 17 24 2 0 0 0 2 0 
943 120 31 56 1 0 0 0 2 0 
868 41 19 24 1 0 0 0 0 0 
1001 125 16 37 1 0 0 0 2 0 
1015 134 9 37 1 0 0 0 2 0 
244 99 34 62 1 0 0 0 1 0 
900 5 15 23 1 0 0 0 2 0 
894 11 10 14 2 0 0 0 0 0 
29--Students_Schoolkids/29_Students_Schoolkids_Students_Schoolkids_29_909.jpg
2
434 124 152 184 0 0 0 0 0 1 
818 192 144 192 0 0 0 0 0 0 
29--Students_Schoolkids/29_Students_Schoolkids_Students_Schoolkids_29_424.jpg
2
476 169 86 123 2 0 0 0 2 0 
278 201 46 41 2 0 0 0 0 0 
29--Students_Schoolkids/29_Students_Schoolkids_Students_Schoolkids_29_190.jpg
6
180 226 66 78 0 0 0 0 0 0 
268 206 62 80 0 0 0 0 0 0 
368 298 64 92 0 0 0 0 0 0 
452 312 70 90 0 0 0 0 0 0 
606 222 60 78 0 0 0 0 0 0 
686 198 68 84 0 0 0 0 0 0 
29--Students_Schoolkids/29_Students_Schoolkids_Students_Schoolkids_29_376.jpg
4
674 124 45 62 2 0 0 0 2 0 
828 153 36 42 2 0 0 0 2 0 
887 185 33 44 2 0 0 0 0 0 
138 28 42 53 1 0 0 0 0 0 
29--Students_Schoolkids/29_Students_Schoolkids_Students_Schoolkids_29_665.jpg
1
722 44 80 86 0 0 0 0 0 0 
29--Students_Schoolkids/29_Students_Schoolkids_Students_Schoolkids_29_899.jpg
6
772 240 90 106 1 0 0 0 0 0 
508 244 72 92 1 0 0 0 0 0 
318 228 56 70 1 0 0 0 0 0 
188 206 60 66 2 0 0 0 0 0 
110 266 56 62 2 0 0 0 0 0 
612 272 72 108 1 0 0 0 0 0 
29--Students_Schoolkids/29_Students_Schoolkids_Students_Schoolkids_29_341.jpg
1
370 148 308 404 0 0 0 0 0 0 
29--Students_Schoolkids/29_Students_Schoolkids_Students_Schoolkids_29_513.jpg
1
491 366 56 72 1 0 0 0 0 0 
29--Students_Schoolkids/29_Students_Schoolkids_Students_Schoolkids_29_641.jpg
3
755 266 76 98 0 0 0 0 0 0 
498 202 54 69 0 0 0 0 0 0 
128 208 66 73 0 0 0 0 0 0 
29--Students_Schoolkids/29_Students_Schoolkids_Students_Schoolkids_29_542.jpg
1
454 114 148 212 0 0 0 0 0 0 
29--Students_Schoolkids/29_Students_Schoolkids_Students_Schoolkids_29_274.jpg
26
746 119 27 37 2 0 0 0 2 0 
408 83 43 53 1 0 0 0 0 0 
359 126 41 56 2 0 0 0 1 0 
468 205 48 57 1 0 0 0 0 0 
426 269 45 66 1 0 0 0 0 0 
465 421 55 78 1 0 0 0 0 0 
581 333 44 57 1 0 0 0 0 0 
601 452 56 75 1 0 0 0 0 0 
640 373 53 71 1 0 0 0 0 0 
606 210 37 53 1 0 0 0 0 0 
466 113 54 56 1 0 0 0 0 0 
529 97 45 61 1 0 0 0 0 0 
587 109 53 72 1 0 0 0 0 0 
654 58 48 68 1 0 0 0 0 0 
689 140 55 68 1 0 0 0 0 0 
716 222 56 63 1 1 0 0 0 0 
777 162 47 69 1 0 0 0 1 0 
781 106 47 56 1 0 0 0 2 0 
883 162 51 59 1 0 0 0 0 0 
893 230 54 61 1 0 0 0 0 0 
874 318 53 63 1 0 0 0 0 0 
772 471 51 64 1 0 0 0 1 0 
821 462 64 69 1 0 0 0 1 0 
710 82 40 55 1 0 0 0 2 0 
855 110 28 56 1 0 0 0 0 1 
633 64 32 44 1 0 0 0 2 0 
29--Students_Schoolkids/29_Students_Schoolkids_Students_Schoolkids_29_325.jpg
1
612 90 254 362 0 0 0 0 0 0 
29--Students_Schoolkids/29_Students_Schoolkids_Students_Schoolkids_29_231.jpg
26
173 275 11 15 2 0 0 0 2 0 
270 280 17 20 2 0 0 0 1 0 
308 296 17 16 2 0 0 0 1 0 
311 233 10 14 2 0 0 0 0 0 
337 248 11 16 2 0 0 0 1 0 
456 295 23 28 2 0 0 0 0 0 
499 308 23 27 2 0 0 0 0 0 
606 291 28 39 1 0 0 0 0 0 
384 238 8 11 2 0 0 0 1 0 
418 226 8 11 2 0 0 0 1 0 
398 284 15 18 2 0 0 0 1 0 
369 287 14 18 2 0 0 0 0 0 
335 226 10 10 2 0 0 0 1 0 
340 235 8 11 2 0 0 0 0 0 
500 221 10 13 2 0 0 0 0 0 
855 332 34 46 1 0 0 0 0 0 
703 221 11 11 2 0 0 0 1 0 
866 199 8 15 2 0 0 0 2 0 
932 220 8 12 2 0 0 0 0 0 
94 278 15 18 2 0 0 0 0 0 
181 287 14 18 2 0 0 0 0 0 
124 251 9 14 2 0 0 0 0 0 
91 260 10 14 2 0 0 0 0 0 
243 238 12 18 2 0 0 0 0 0 
328 259 11 14 2 0 0 0 0 0 
284 269 11 14 2 0 0 0 2 0 
29--Students_Schoolkids/29_Students_Schoolkids_Students_Schoolkids_29_379.jpg
2
474 208 82 128 0 0 0 0 0 0 
592 92 116 132 0 0 0 0 0 0 
29--Students_Schoolkids/29_Students_Schoolkids_Students_Schoolkids_29_402.jpg
32
984 172 14 18 2 0 0 0 2 0 
947 157 16 23 2 0 0 0 0 0 
881 168 13 20 2 0 0 0 0 0 
840 154 16 22 2 0 0 0 0 0 
754 145 16 19 2 0 0 0 0 0 
707 146 10 14 2 0 0 0 0 0 
663 160 7 8 2 0 0 0 0 0 
617 152 5 7 2 0 0 0 1 0 
536 123 11 18 2 0 0 0 0 0 
417 129 9 13 2 0 0 0 2 0 
435 121 7 11 2 0 0 0 0 0 
388 129 8 13 2 0 0 0 0 0 
398 123 7 12 2 0 0 0 0 0 
367 125 8 12 2 0 0 0 0 0 
103 92 12 16 2 0 0 0 0 0 
143 95 13 16 2 0 0 0 0 0 
265 121 12 13 2 0 0 0 0 0 
307 122 11 13 2 0 0 0 0 0 
48 77 12 19 2 0 0 0 0 0 
8 79 12 20 2 0 0 0 0 0 
30 75 11 22 2 0 0 0 2 0 
592 148 7 9 2 0 0 0 1 0 
584 146 7 10 2 0 0 0 2 0 
627 148 7 9 2 0 0 0 2 0 
648 153 7 9 2 0 0 0 2 0 
558 160 7 13 2 0 0 0 2 0 
207 120 8 12 2 0 0 0 2 0 
480 146 8 8 2 0 0 0 2 0 
485 142 6 8 2 0 0 0 2 0 
494 147 9 12 2 0 0 0 0 0 
408 120 7 10 2 0 0 0 2 0 
445 124 10 14 2 0 0 0 2 0 
29--Students_Schoolkids/29_Students_Schoolkids_Students_Schoolkids_29_633.jpg
1
854 252 15 13 2 0 0 0 0 0 
29--Students_Schoolkids/29_Students_Schoolkids_Students_Schoolkids_29_473.jpg
4
404 344 150 188 1 0 0 0 0 0 
630 198 132 230 0 0 0 0 0 0 
286 22 64 82 2 0 0 0 0 0 
154 332 132 176 1 0 0 0 0 0 
29--Students_Schoolkids/29_Students_Schoolkids_Students_Schoolkids_29_725.jpg
12
605 183 58 81 0 0 0 0 0 0 
600 320 64 78 0 0 0 0 0 0 
701 323 67 94 0 0 0 0 0 0 
786 289 51 69 0 0 0 0 0 0 
475 343 62 85 0 0 0 0 0 0 
419 305 54 73 0 0 0 0 0 0 
475 262 47 60 0 0 0 0 0 0 
341 244 46 64 0 0 0 0 0 0 
42 327 53 68 0 0 0 0 0 0 
129 301 48 65 0 0 0 0 0 0 
202 298 57 78 2 0 0 0 0 0 
288 303 51 76 0 0 0 0 0 0 
29--Students_Schoolkids/29_Students_Schoolkids_Students_Schoolkids_29_869.jpg
5
848 172 37 53 0 0 0 0 0 0 
696 160 35 47 0 0 0 0 0 0 
631 139 29 41 0 0 0 0 0 0 
558 139 35 46 0 0 0 0 0 0 
448 136 41 49 0 0 0 0 0 0 
29--Students_Schoolkids/29_Students_Schoolkids_Students_Schoolkids_29_452.jpg
3
328 218 66 76 1 0 0 0 0 0 
488 172 64 76 1 0 0 0 0 0 
660 252 56 78 1 0 0 0 0 0 
29--Students_Schoolkids/29_Students_Schoolkids_Students_Schoolkids_29_384.jpg
1
308 56 162 216 0 0 0 0 0 0 
29--Students_Schoolkids/29_Students_Schoolkids_Students_Schoolkids_29_469.jpg
1
140 96 166 216 0 0 0 0 0 0 
29--Students_Schoolkids/29_Students_Schoolkids_Students_Schoolkids_29_276.jpg
27
412 244 47 54 2 0 0 0 2 0 
913 223 36 50 2 0 0 0 2 0 
775 357 62 79 1 0 0 0 2 0 
918 95 35 39 2 0 0 0 0 0 
965 230 42 52 2 0 0 0 1 0 
829 187 38 50 2 0 0 0 1 0 
787 158 35 43 2 0 0 0 2 0 
24 140 48 55 2 0 0 0 0 0 
39 54 38 54 2 0 0 0 1 0 
213 269 60 64 1 0 0 0 1 0 
11 432 78 115 1 0 0 0 2 0 
178 428 66 86 1 0 0 0 1 0 
452 288 76 81 0 0 0 0 0 0 
575 295 69 72 0 0 0 0 0 0 
630 419 89 88 1 0 0 0 0 1 
709 378 73 92 0 0 0 0 0 0 
155 103 42 32 2 0 0 0 1 0 
651 274 57 72 0 0 0 0 1 0 
708 219 54 72 1 0 0 0 1 0 
775 354 62 76 1 0 0 0 2 0 
626 237 57 54 1 0 0 0 2 0 
543 187 46 59 1 0 0 0 2 0 
526 225 49 60 2 0 0 0 1 0 
705 117 37 42 2 0 0 0 0 0 
325 192 46 47 2 0 0 0 2 0 
345 138 43 50 2 0 0 0 2 0 
922 175 44 58 1 0 0 0 2 0 
29--Students_Schoolkids/29_Students_Schoolkids_Students_Schoolkids_29_517.jpg
51
416 243 5 7 2 0 0 0 1 0 
430 239 7 7 2 0 0 0 1 0 
440 238 6 6 2 0 0 0 0 0 
489 270 14 15 2 0 0 0 0 0 
557 260 12 13 2 0 0 0 0 0 
528 275 8 7 2 0 0 0 1 0 
642 231 16 21 1 0 0 0 2 0 
636 256 18 23 2 0 0 0 0 0 
767 250 10 12 1 0 0 0 0 0 
1014 240 10 17 1 0 0 0 0 0 
948 276 6 6 2 0 0 0 2 0 
883 279 5 5 2 0 0 0 2 0 
221 270 7 9 2 0 0 0 1 0 
249 275 8 8 2 0 0 0 1 0 
114 229 8 9 2 0 0 0 1 0 
137 259 7 8 2 0 0 0 1 0 
156 250 8 8 2 0 0 0 0 0 
181 278 7 8 2 0 0 0 2 0 
157 274 7 8 2 0 0 0 1 0 
153 296 12 12 2 0 0 0 0 0 
116 360 13 11 2 0 0 0 1 0 
188 327 10 11 2 0 0 0 0 0 
272 312 8 9 2 0 0 0 1 0 
246 283 11 12 2 0 0 0 0 0 
331 258 11 14 1 0 0 0 0 0 
366 317 6 9 2 0 0 0 2 0 
281 273 7 8 2 0 0 0 1 0 
289 254 5 6 2 0 0 0 2 0 
300 259 7 7 2 0 0 0 1 0 
270 249 6 8 2 0 0 0 1 0 
246 250 7 8 2 0 0 0 1 0 
259 216 6 7 2 0 0 0 2 0 
217 238 7 6 2 0 0 0 1 0 
207 234 6 6 2 0 0 0 2 0 
218 214 7 7 2 0 0 0 1 0 
309 221 5 6 2 0 0 0 2 0 
350 229 5 7 2 0 0 0 2 0 
370 237 7 6 2 0 0 0 1 0 
385 260 6 5 2 0 0 0 2 0 
393 258 6 7 2 0 0 0 0 0 
61 401 21 48 0 0 0 0 0 1 
567 231 8 8 2 0 0 0 0 0 
794 269 6 7 2 0 0 0 2 0 
5 253 9 7 1 0 0 0 2 0 
343 274 9 9 1 0 0 0 2 0 
340 261 9 9 2 0 0 0 2 0 
476 220 4 6 2 0 0 0 2 0 
22 356 11 13 2 0 0 0 2 0 
472 268 6 7 2 0 0 0 0 0 
812 245 10 13 2 0 0 0 0 0 
848 287 5 5 2 0 0 0 0 0 
29--Students_Schoolkids/29_Students_Schoolkids_Students_Schoolkids_29_110.jpg
3
586 158 136 228 0 0 0 0 0 0 
448 192 120 162 1 0 0 0 0 0 
384 228 90 138 1 0 0 0 0 0 
29--Students_Schoolkids/29_Students_Schoolkids_Students_Schoolkids_29_527.jpg
4
278 270 41 61 0 0 0 0 0 0 
95 213 57 78 0 0 0 0 0 0 
518 270 54 67 0 0 0 0 0 0 
820 129 69 85 0 0 0 0 0 0 
29--Students_Schoolkids/29_Students_Schoolkids_Students_Schoolkids_29_187.jpg
2
643 634 135 186 0 0 0 0 1 0 
366 550 156 183 0 0 0 0 0 0 
29--Students_Schoolkids/29_Students_Schoolkids_Students_Schoolkids_29_720.jpg
1
420 126 108 146 0 0 0 0 0 0 
29--Students_Schoolkids/29_Students_Schoolkids_Students_Schoolkids_29_119.jpg
11
537 255 47 69 1 0 0 0 0 0 
677 352 34 44 2 0 0 0 0 0 
847 346 105 151 1 0 0 0 0 0 
248 466 20 31 2 0 0 0 2 0 
405 455 19 28 2 0 0 0 0 0 
75 477 17 19 2 0 0 0 0 0 
22 486 11 14 2 0 0 0 0 0 
201 451 8 12 2 0 0 0 1 0 
680 425 15 16 2 0 0 0 1 0 
175 454 8 10 2 0 0 0 0 0 
75 415 51 61 1 0 0 0 0 0 
29--Students_Schoolkids/29_Students_Schoolkids_Students_Schoolkids_29_815.jpg
4
819 346 84 116 0 0 0 0 0 0 
576 446 94 112 1 0 0 0 0 0 
341 307 89 118 0 0 0 0 0 0 
81 425 101 128 1 0 0 0 0 0 
29--Students_Schoolkids/29_Students_Schoolkids_Students_Schoolkids_29_814.jpg
1
421 127 240 348 0 0 0 0 0 0 
29--Students_Schoolkids/29_Students_Schoolkids_Students_Schoolkids_29_732.jpg
1
428 155 105 158 0 0 0 0 1 0 
29--Students_Schoolkids/29_Students_Schoolkids_Students_Schoolkids_29_298.jpg
7
797 109 39 47 1 0 0 0 0 0 
688 137 36 45 1 0 0 0 0 0 
587 130 37 45 1 0 0 0 0 0 
336 143 39 43 1 0 0 0 0 0 
206 141 44 44 1 0 0 0 0 0 
57 137 50 52 1 0 0 0 0 0 
914 127 38 42 1 0 0 0 0 0 
29--Students_Schoolkids/29_Students_Schoolkids_Students_Schoolkids_29_544.jpg
2
287 105 65 90 0 0 0 0 0 0 
667 180 52 70 0 0 0 0 0 0 
29--Students_Schoolkids/29_Students_Schoolkids_Students_Schoolkids_29_102.jpg
5
764 220 142 158 0 0 0 0 0 0 
602 78 120 152 0 0 0 0 2 0 
536 226 128 180 0 0 0 0 0 0 
254 158 126 186 0 0 0 0 0 0 
346 188 110 184 0 0 0 0 0 0 
29--Students_Schoolkids/29_Students_Schoolkids_Students_Schoolkids_29_865.jpg
15
812 45 90 102 0 0 0 0 0 0 
759 120 50 50 1 0 0 0 0 0 
674 57 37 50 0 0 0 0 0 0 
621 61 18 25 1 0 0 0 0 0 
567 68 14 20 1 0 0 0 0 0 
526 74 17 20 1 0 0 0 0 0 
461 76 18 21 1 0 0 0 0 0 
438 63 13 22 2 0 0 0 0 0 
349 81 20 21 1 0 0 0 0 0 
304 93 18 15 0 0 0 0 0 0 
245 102 42 54 0 0 0 0 0 0 
127 73 54 68 0 0 0 0 0 0 
252 76 22 22 2 0 0 0 2 0 
17 105 72 78 0 0 0 0 0 0 
404 83 17 16 2 0 0 0 0 0 
29--Students_Schoolkids/29_Students_Schoolkids_Students_Schoolkids_29_630.jpg
2
430 70 62 88 0 0 0 0 0 0 
826 76 68 90 0 0 0 0 0 0 
29--Students_Schoolkids/29_Students_Schoolkids_Students_Schoolkids_29_594.jpg
21
789 262 50 60 1 0 0 0 0 0 
883 219 35 43 2 0 0 0 0 0 
605 272 48 55 1 0 0 0 0 0 
553 188 45 53 1 0 0 0 2 0 
462 239 38 39 1 0 0 0 0 0 
408 267 51 53 1 0 0 0 0 0 
336 215 38 54 1 0 0 0 0 0 
292 215 42 50 1 0 0 0 0 0 
455 388 61 58 1 0 0 0 0 0 
663 428 86 78 1 0 0 0 0 0 
154 243 39 36 1 0 0 0 0 0 
234 227 32 34 2 0 0 0 0 0 
5 223 41 33 1 0 0 0 0 0 
60 309 37 41 1 0 0 0 0 0 
140 195 29 34 2 0 0 0 2 0 
186 405 59 59 1 0 0 0 0 0 
98 386 44 47 1 0 0 0 0 0 
447 468 70 53 1 0 0 0 2 0 
960 315 31 36 2 0 0 0 0 0 
30 440 103 81 1 0 0 0 2 0 
739 237 35 47 2 0 0 0 2 0 
29--Students_Schoolkids/29_Students_Schoolkids_Students_Schoolkids_29_559.jpg
2
472 392 152 184 0 0 0 0 0 0 
110 190 160 178 0 0 0 0 0 0 
29--Students_Schoolkids/29_Students_Schoolkids_Students_Schoolkids_29_30.jpg
3
236 124 78 122 0 0 0 0 0 0 
636 70 94 104 0 0 0 0 0 0 
452 118 64 98 0 1 0 0 0 0 
29--Students_Schoolkids/29_Students_Schoolkids_Students_Schoolkids_29_54.jpg
57
71 148 35 51 1 0 0 0 0 0 
65 341 59 72 1 0 0 0 0 0 
303 451 81 67 1 0 0 0 0 1 
444 295 50 65 1 0 0 0 0 0 
685 314 55 72 1 0 0 0 0 0 
820 225 38 52 1 0 0 0 2 0 
419 153 39 40 1 0 0 0 0 0 
517 187 36 38 1 0 0 0 0 0 
581 165 30 36 1 0 0 0 0 0 
579 235 37 56 1 0 0 0 0 0 
674 207 35 57 1 0 0 0 0 0 
201 247 46 68 1 0 0 0 0 0 
258 191 40 52 1 0 0 0 0 0 
218 146 28 32 1 0 0 0 0 0 
262 118 28 41 1 0 0 0 0 0 
326 129 23 31 2 0 0 0 0 0 
857 134 31 38 2 0 0 0 0 0 
785 156 36 51 1 0 0 0 0 0 
699 96 24 27 2 0 0 0 0 0 
52 98 26 28 2 0 0 0 0 0 
125 103 20 29 2 0 0 0 0 0 
154 70 18 25 2 0 0 0 0 0 
172 62 15 24 2 0 0 0 1 0 
121 52 21 23 2 0 0 0 0 0 
75 49 16 24 2 0 0 0 0 0 
203 111 22 29 2 0 0 0 0 0 
283 106 23 27 2 0 0 0 1 0 
310 71 22 33 2 0 0 0 0 0 
337 87 19 28 2 0 0 0 0 0 
334 38 15 24 2 0 0 0 0 0 
381 45 16 22 2 0 0 0 0 0 
394 75 19 24 2 0 0 0 0 0 
426 80 21 27 2 0 0 0 0 0 
447 50 14 26 2 0 0 0 0 0 
495 47 13 18 2 0 0 0 0 0 
497 95 16 24 2 0 0 0 0 0 
516 86 17 22 2 0 0 0 0 0 
535 69 18 19 2 0 0 0 0 0 
555 87 19 23 2 0 0 0 0 0 
589 86 21 25 2 0 0 0 0 0 
577 128 26 31 1 0 0 0 0 0 
512 115 26 32 2 0 0 0 0 0 
573 61 13 20 2 0 0 0 0 0 
635 58 17 25 2 0 0 0 0 0 
658 48 18 21 2 0 0 0 0 0 
704 64 19 21 2 0 0 0 1 0 
736 45 16 21 2 0 0 0 1 0 
772 36 14 20 2 0 0 0 0 0 
789 37 16 21 2 0 0 0 0 0 
785 80 25 28 2 0 0 0 0 0 
782 126 25 34 1 0 0 0 2 0 
943 67 18 27 2 0 0 0 0 0 
868 69 19 28 2 0 0 0 1 0 
838 60 14 19 2 0 0 0 0 0 
956 166 33 39 2 0 0 0 0 0 
678 106 20 23 2 0 0 0 0 1 
214 225 43 40 1 0 0 0 2 0 
29--Students_Schoolkids/29_Students_Schoolkids_Students_Schoolkids_29_40.jpg
7
202 118 17 21 2 0 0 0 0 0 
434 19 12 10 2 0 0 0 0 0 
701 17 10 18 2 0 0 0 1 0 
663 196 18 23 2 0 0 0 0 0 
186 448 19 20 2 0 0 0 0 0 
479 507 24 31 2 0 0 0 0 0 
834 589 16 25 2 0 0 0 0 0 
29--Students_Schoolkids/29_Students_Schoolkids_Students_Schoolkids_29_137.jpg
22
106 189 51 66 1 0 0 0 0 0 
154 146 44 56 1 0 0 0 0 0 
213 193 49 61 1 0 0 0 0 0 
317 186 42 57 1 0 0 0 0 0 
424 213 47 61 1 0 0 0 0 0 
169 315 45 61 1 0 0 0 0 0 
268 373 44 53 1 0 0 0 0 0 
336 364 43 46 1 0 0 0 0 0 
429 337 43 52 1 0 0 0 0 0 
497 340 37 46 1 0 0 0 0 1 
540 337 39 53 1 0 0 0 0 0 
603 325 41 53 1 0 0 0 0 0 
649 315 43 55 1 0 0 0 0 0 
541 184 41 60 1 0 0 0 0 0 
616 177 42 56 1 0 0 0 0 0 
638 223 46 54 1 0 0 0 0 0 
708 269 47 60 1 0 0 0 0 0 
719 357 42 53 1 0 0 0 0 0 
764 192 56 75 1 0 0 0 0 0 
871 159 67 83 1 0 0 0 0 0 
441 513 55 72 1 0 0 0 0 0 
587 519 55 71 1 0 0 0 0 0 
29--Students_Schoolkids/29_Students_Schoolkids_Students_Schoolkids_29_498.jpg
1
493 463 93 111 1 0 0 0 0 0 
29--Students_Schoolkids/29_Students_Schoolkids_Students_Schoolkids_29_108.jpg
4
488 475 42 37 1 0 0 0 0 0 
182 198 17 19 2 0 0 0 0 0 
350 264 27 26 2 0 0 0 0 1 
25 226 28 34 1 0 0 0 0 0 
29--Students_Schoolkids/29_Students_Schoolkids_Students_Schoolkids_29_876.jpg
2
272 106 136 166 0 0 0 0 0 0 
828 274 116 124 0 0 0 0 0 1 
29--Students_Schoolkids/29_Students_Schoolkids_Students_Schoolkids_29_51.jpg
36
94 494 12 13 2 0 0 0 0 0 
28 499 12 12 2 0 0 0 0 0 
186 473 11 13 2 0 0 0 1 0 
234 433 10 11 2 0 0 0 0 0 
110 454 12 13 2 0 0 0 0 0 
69 471 11 13 2 0 0 0 0 0 
226 484 15 19 2 0 0 0 2 0 
371 493 14 14 2 0 0 0 0 0 
350 532 15 19 2 0 0 0 0 0 
412 456 14 16 2 0 0 0 0 0 
487 474 12 15 2 0 0 0 0 0 
458 542 12 18 2 0 0 0 1 0 
537 484 13 16 2 0 0 0 0 0 
530 442 12 17 2 0 0 0 2 0 
725 512 13 19 2 0 0 0 1 0 
723 473 12 17 2 0 0 0 0 0 
786 461 12 15 2 0 0 0 0 0 
765 431 12 16 2 0 0 0 0 0 
707 400 10 13 2 0 0 0 0 0 
650 420 15 15 2 0 0 0 2 0 
581 408 8 12 2 0 0 0 0 0 
572 473 12 14 2 0 0 0 0 0 
554 481 12 12 2 0 0 0 0 0 
789 415 14 16 2 0 0 0 2 0 
842 408 10 15 2 0 0 0 0 0 
879 503 14 17 2 0 0 0 1 0 
883 481 12 17 2 0 0 0 0 0 
897 467 9 14 2 0 0 0 0 0 
933 452 13 16 2 0 0 0 0 0 
1007 427 14 20 2 0 0 0 1 0 
970 536 13 16 2 0 0 0 0 0 
978 518 12 15 2 0 0 0 0 0 
965 405 12 13 2 0 0 0 1 0 
898 429 12 15 2 0 0 0 0 0 
1000 404 10 16 2 0 0 0 1 0 
781 383 13 15 2 0 0 0 0 0 
29--Students_Schoolkids/29_Students_Schoolkids_Students_Schoolkids_29_894.jpg
1
422 248 56 72 1 0 0 0 0 0 
29--Students_Schoolkids/29_Students_Schoolkids_Students_Schoolkids_29_282.jpg
8
80 362 135 178 0 0 0 0 0 0 
325 273 97 140 0 0 0 0 0 0 
467 67 102 150 0 0 0 0 0 0 
545 399 111 173 0 0 0 0 0 0 
657 199 96 140 0 0 0 0 0 0 
755 457 130 171 0 0 0 0 0 0 
915 338 49 73 0 0 0 0 0 0 
838 304 32 50 1 0 0 0 0 0 
29--Students_Schoolkids/29_Students_Schoolkids_Students_Schoolkids_29_568.jpg
1
542 124 114 166 0 0 0 0 0 0 
29--Students_Schoolkids/29_Students_Schoolkids_Students_Schoolkids_29_863.jpg
8
770 315 143 169 0 0 0 0 0 0 
733 190 68 85 0 0 0 0 0 0 
702 103 65 72 0 0 0 0 0 0 
543 143 35 40 1 0 0 0 2 0 
447 12 46 70 0 0 0 0 0 0 
410 192 48 62 0 0 0 0 0 0 
353 260 63 65 1 0 0 0 0 1 
105 250 115 111 0 0 0 0 0 1 
29--Students_Schoolkids/29_Students_Schoolkids_Students_Schoolkids_29_324.jpg
3
264 102 110 134 1 0 0 0 0 0 
476 42 88 110 1 0 0 0 0 0 
700 112 96 110 1 0 0 0 0 0 
29--Students_Schoolkids/29_Students_Schoolkids_Students_Schoolkids_29_930.jpg
1
514 132 122 166 0 0 0 0 0 0 
29--Students_Schoolkids/29_Students_Schoolkids_Students_Schoolkids_29_403.jpg
5
652 46 88 158 0 0 0 0 0 0 
250 396 118 100 0 0 0 0 0 1 
104 380 120 128 0 0 0 0 0 1 
66 248 114 126 0 0 0 0 0 0 
374 214 90 142 0 0 0 0 2 0 
29--Students_Schoolkids/29_Students_Schoolkids_Students_Schoolkids_29_281.jpg
1
320 72 166 210 0 0 0 0 0 0 
29--Students_Schoolkids/29_Students_Schoolkids_Students_Schoolkids_29_60.jpg
37
7 253 39 55 1 0 0 0 0 0 
154 254 36 53 1 0 0 0 0 0 
217 264 36 47 1 0 0 0 0 0 
321 410 35 48 1 0 0 0 0 0 
75 271 36 48 1 0 0 0 0 0 
119 262 28 39 1 0 0 0 0 0 
172 165 22 32 1 0 0 0 0 0 
257 172 26 39 1 0 0 0 0 0 
229 192 20 33 1 0 0 0 1 0 
261 228 33 50 1 0 0 0 0 0 
337 238 33 47 1 0 0 0 0 0 
371 243 25 42 1 0 0 0 0 0 
356 150 20 29 1 0 0 0 0 0 
429 141 20 32 1 0 0 0 0 0 
488 166 25 32 1 0 0 0 0 0 
562 155 25 25 1 0 0 0 1 0 
431 258 29 42 1 0 0 0 0 0 
460 251 31 45 1 0 0 0 0 0 
504 270 29 43 1 0 0 0 0 0 
532 240 26 36 1 0 0 0 0 0 
557 291 34 46 1 0 0 0 0 0 
628 146 26 31 1 0 0 0 0 0 
656 271 26 44 1 0 0 0 0 0 
598 275 31 39 1 0 0 0 0 0 
617 425 34 43 1 0 0 0 0 0 
729 284 36 35 1 0 0 0 0 0 
803 279 34 41 1 0 0 0 0 0 
823 231 33 44 1 0 0 0 0 0 
944 268 32 41 1 0 0 0 0 0 
922 234 35 38 1 0 0 0 2 0 
772 162 20 31 1 0 0 0 0 0 
694 184 24 31 1 0 0 0 0 0 
667 244 27 31 1 0 0 0 0 0 
770 270 24 42 1 0 0 0 0 0 
493 407 32 47 1 0 0 0 0 0 
399 249 32 39 1 0 0 0 0 0 
289 242 18 41 1 0 0 0 1 0 
29--Students_Schoolkids/29_Students_Schoolkids_Students_Schoolkids_29_509.jpg
1
211 525 59 91 1 0 0 0 0 0 
29--Students_Schoolkids/29_Students_Schoolkids_Students_Schoolkids_29_804.jpg
2
608 152 72 106 0 0 0 0 0 0 
388 118 74 96 0 0 0 0 0 0 
29--Students_Schoolkids/29_Students_Schoolkids_Students_Schoolkids_29_396.jpg
10
821 109 40 39 2 0 0 0 1 1 
790 84 33 39 2 0 0 0 0 0 
542 7 43 37 1 0 0 0 0 1 
413 9 47 52 1 0 0 0 0 0 
348 135 54 54 1 0 0 0 0 1 
280 216 69 50 1 0 0 0 0 1 
366 77 38 35 2 0 0 0 2 0 
164 225 55 80 1 0 0 0 0 0 
797 18 41 24 2 0 0 0 2 1 
790 219 45 74 2 0 0 0 2 1 
29--Students_Schoolkids/29_Students_Schoolkids_Students_Schoolkids_29_693.jpg
2
781 381 64 80 2 0 0 0 0 0 
485 147 53 85 2 0 0 0 0 0 
29--Students_Schoolkids/29_Students_Schoolkids_Students_Schoolkids_29_334.jpg
3
274 170 70 90 0 0 0 0 0 0 
434 234 72 80 0 0 0 0 0 0 
620 194 60 78 0 0 0 0 0 0 
29--Students_Schoolkids/29_Students_Schoolkids_Students_Schoolkids_29_43.jpg
2
398 68 114 150 0 0 0 0 0 0 
670 266 118 118 0 0 0 0 0 1 
29--Students_Schoolkids/29_Students_Schoolkids_Students_Schoolkids_29_716.jpg
10
565 326 21 28 1 0 0 0 0 0 
813 309 30 51 1 0 0 0 0 1 
414 327 22 40 1 0 0 0 0 0 
343 331 29 43 1 0 0 0 0 0 
437 315 19 37 1 0 0 0 0 0 
125 329 25 31 1 0 0 0 0 0 
204 331 21 31 1 0 0 0 0 0 
239 328 19 31 1 0 0 0 0 0 
16 332 34 61 0 0 0 0 0 0 
392 324 22 23 2 0 0 0 2 0 
29--Students_Schoolkids/29_Students_Schoolkids_Students_Schoolkids_29_479.jpg
1
323 90 230 292 0 0 0 0 0 0 
29--Students_Schoolkids/29_Students_Schoolkids_Students_Schoolkids_29_179.jpg
2
208 196 142 186 0 0 0 0 0 0 
652 114 122 160 0 0 0 0 0 0 
29--Students_Schoolkids/29_Students_Schoolkids_Students_Schoolkids_29_259.jpg
1
445 161 346 467 0 0 0 0 0 0 
29--Students_Schoolkids/29_Students_Schoolkids_Students_Schoolkids_29_141.jpg
4
672 157 35 44 1 0 0 0 0 0 
521 58 44 53 1 0 0 0 0 0 
51 72 64 82 1 0 0 0 0 0 
198 32 45 58 2 0 0 0 0 0 
29--Students_Schoolkids/29_Students_Schoolkids_Students_Schoolkids_29_562.jpg
2
239 253 257 310 0 0 0 0 0 0 
496 370 222 319 0 0 0 0 0 0 
29--Students_Schoolkids/29_Students_Schoolkids_Students_Schoolkids_29_885.jpg
2
131 293 26 26 1 0 0 0 1 1 
561 123 28 58 0 0 0 0 0 1 

29_Students_Schoolkids_Students_Schoolkids_29_102.jpg: 1024 x 683
29_Students_Schoolkids_Students_Schoolkids_29_108.jpg: 1024 x 621
29_Students_Schoolkids_Students_Schoolkids_29_110.jpg: 1024 x 713
29_Students_Schoolkids_Students_Schoolkids_29_112.jpg: 1024 x 787
29_Students_Schoolkids_Students_Schoolkids_29_114.jpg: 1024 x 577
29_Students_Schoolkids_Students_Schoolkids_29_119.jpg: 1024 x 671
29_Students_Schoolkids_Students_Schoolkids_29_123.jpg: 1024 x 1434
29_Students_Schoolkids_Students_Schoolkids_29_127.jpg: 1024 x 684
29_Students_Schoolkids_Students_Schoolkids_29_131.jpg: 1024 x 579
29_Students_Schoolkids_Students_Schoolkids_29_137.jpg: 1024 x 768
29_Students_Schoolkids_Students_Schoolkids_29_141.jpg: 1024 x 579
29_Students_Schoolkids_Students_Schoolkids_29_160.jpg: 1024 x 469
29_Students_Schoolkids_Students_Schoolkids_29_165.jpg: 1024 x 682
29_Students_Schoolkids_Students_Schoolkids_29_175.jpg: 1024 x 1296
29_Students_Schoolkids_Students_Schoolkids_29_179.jpg: 1024 x 663
29_Students_Schoolkids_Students_Schoolkids_29_18.jpg: 1024 x 684
29_Students_Schoolkids_Students_Schoolkids_29_181.jpg: 1024 x 662
29_Students_Schoolkids_Students_Schoolkids_29_184.jpg: 1024 x 681
29_Students_Schoolkids_Students_Schoolkids_29_186.jpg: 1024 x 733
29_Students_Schoolkids_Students_Schoolkids_29_187.jpg: 1024 x 1536
29_Students_Schoolkids_Students_Schoolkids_29_19.jpg: 1024 x 768
29_Students_Schoolkids_Students_Schoolkids_29_190.jpg: 1024 x 871
29_Students_Schoolkids_Students_Schoolkids_29_2.jpg: 1024 x 684
29_Students_Schoolkids_Students_Schoolkids_29_215.jpg: 1024 x 768
29_Students_Schoolkids_Students_Schoolkids_29_220.jpg: 1024 x 681
29_Students_Schoolkids_Students_Schoolkids_29_224.jpg: 1024 x 730
29_Students_Schoolkids_Students_Schoolkids_29_227.jpg: 1024 x 687
29_Students_Schoolkids_Students_Schoolkids_29_228.jpg: 1024 x 615
29_Students_Schoolkids_Students_Schoolkids_29_230.jpg: 1024 x 522
29_Students_Schoolkids_Students_Schoolkids_29_231.jpg: 1024 x 702
29_Students_Schoolkids_Students_Schoolkids_29_24.jpg: 1024 x 1024
29_Students_Schoolkids_Students_Schoolkids_29_258.jpg: 1024 x 716
29_Students_Schoolkids_Students_Schoolkids_29_259.jpg: 1024 x 1583
29_Students_Schoolkids_Students_Schoolkids_29_261.jpg: 1024 x 1547
29_Students_Schoolkids_Students_Schoolkids_29_262.jpg: 1024 x 577
29_Students_Schoolkids_Students_Schoolkids_29_267.jpg: 1024 x 664
29_Students_Schoolkids_Students_Schoolkids_29_268.jpg: 1024 x 1024
29_Students_Schoolkids_Students_Schoolkids_29_269.jpg: 1024 x 579
29_Students_Schoolkids_Students_Schoolkids_29_27.jpg: 1024 x 1095
29_Students_Schoolkids_Students_Schoolkids_29_274.jpg: 1024 x 577
29_Students_Schoolkids_Students_Schoolkids_29_275.jpg: 1024 x 680
29_Students_Schoolkids_Students_Schoolkids_29_276.jpg: 1024 x 551
29_Students_Schoolkids_Students_Schoolkids_29_278.jpg: 1024 x 815
29_Students_Schoolkids_Students_Schoolkids_29_281.jpg: 1024 x 820
29_Students_Schoolkids_Students_Schoolkids_29_282.jpg: 1024 x 683
29_Students_Schoolkids_Students_Schoolkids_29_287.jpg: 1024 x 683
29_Students_Schoolkids_Students_Schoolkids_29_288.jpg: 1024 x 684
29_Students_Schoolkids_Students_Schoolkids_29_293.jpg: 1024 x 768
29_Students_Schoolkids_Students_Schoolkids_29_298.jpg: 1024 x 558
29_Students_Schoolkids_Students_Schoolkids_29_30.jpg: 1024 x 577
29_Students_Schoolkids_Students_Schoolkids_29_300.jpg: 1024 x 681
29_Students_Schoolkids_Students_Schoolkids_29_305.jpg: 1024 x 768
29_Students_Schoolkids_Students_Schoolkids_29_309.jpg: 1024 x 684
29_Students_Schoolkids_Students_Schoolkids_29_313.jpg: 1024 x 700
29_Students_Schoolkids_Students_Schoolkids_29_315.jpg: 1024 x 768
29_Students_Schoolkids_Students_Schoolkids_29_324.jpg: 1024 x 769
29_Students_Schoolkids_Students_Schoolkids_29_325.jpg: 1024 x 1024
29_Students_Schoolkids_Students_Schoolkids_29_327.jpg: 1024 x 713
29_Students_Schoolkids_Students_Schoolkids_29_33.jpg: 1024 x 712
29_Students_Schoolkids_Students_Schoolkids_29_334.jpg: 1024 x 679
29_Students_Schoolkids_Students_Schoolkids_29_335.jpg: 1024 x 577
29_Students_Schoolkids_Students_Schoolkids_29_336.jpg: 1024 x 1396
29_Students_Schoolkids_Students_Schoolkids_29_341.jpg: 1024 x 713
29_Students_Schoolkids_Students_Schoolkids_29_342.jpg: 1024 x 684
29_Students_Schoolkids_Students_Schoolkids_29_344.jpg: 1024 x 762
29_Students_Schoolkids_Students_Schoolkids_29_349.jpg: 1024 x 713
29_Students_Schoolkids_Students_Schoolkids_29_373.jpg: 1024 x 683
29_Students_Schoolkids_Students_Schoolkids_29_376.jpg: 1024 x 707
29_Students_Schoolkids_Students_Schoolkids_29_379.jpg: 1024 x 683
29_Students_Schoolkids_Students_Schoolkids_29_381.jpg: 1024 x 577
29_Students_Schoolkids_Students_Schoolkids_29_382.jpg: 1024 x 713
29_Students_Schoolkids_Students_Schoolkids_29_384.jpg: 1024 x 683
29_Students_Schoolkids_Students_Schoolkids_29_385.jpg: 1024 x 1024
29_Students_Schoolkids_Students_Schoolkids_29_396.jpg: 1024 x 528
29_Students_Schoolkids_Students_Schoolkids_29_40.jpg: 1024 x 732
29_Students_Schoolkids_Students_Schoolkids_29_402.jpg: 1024 x 468
29_Students_Schoolkids_Students_Schoolkids_29_403.jpg: 1024 x 555
29_Students_Schoolkids_Students_Schoolkids_29_406.jpg: 1024 x 577
29_Students_Schoolkids_Students_Schoolkids_29_408.jpg: 1024 x 684
29_Students_Schoolkids_Students_Schoolkids_29_413.jpg: 1024 x 1579
29_Students_Schoolkids_Students_Schoolkids_29_424.jpg: 1024 x 682
29_Students_Schoolkids_Students_Schoolkids_29_43.jpg: 1024 x 577
29_Students_Schoolkids_Students_Schoolkids_29_438.jpg: 1024 x 1465
29_Students_Schoolkids_Students_Schoolkids_29_442.jpg: 1024 x 1583
29_Students_Schoolkids_Students_Schoolkids_29_447.jpg: 1024 x 683
29_Students_Schoolkids_Students_Schoolkids_29_449.jpg: 1024 x 1402
29_Students_Schoolkids_Students_Schoolkids_29_452.jpg: 1024 x 615
29_Students_Schoolkids_Students_Schoolkids_29_469.jpg: 1024 x 683
29_Students_Schoolkids_Students_Schoolkids_29_472.jpg: 1024 x 680
29_Students_Schoolkids_Students_Schoolkids_29_473.jpg: 1024 x 713
29_Students_Schoolkids_Students_Schoolkids_29_475.jpg: 1024 x 713
29_Students_Schoolkids_Students_Schoolkids_29_478.jpg: 1024 x 696
29_Students_Schoolkids_Students_Schoolkids_29_479.jpg: 1024 x 1054
29_Students_Schoolkids_Students_Schoolkids_29_490.jpg: 1024 x 1579
29_Students_Schoolkids_Students_Schoolkids_29_498.jpg: 1024 x 1579
29_Students_Schoolkids_Students_Schoolkids_29_5.jpg: 1024 x 768
29_Students_Schoolkids_Students_Schoolkids_29_504.jpg: 1024 x 629
29_Students_Schoolkids_Students_Schoolkids_29_509.jpg: 1024 x 1366
29_Students_Schoolkids_Students_Schoolkids_29_51.jpg: 1024 x 564
29_Students_Schoolkids_Students_Schoolkids_29_513.jpg: 1024 x 1422
29_Students_Schoolkids_Students_Schoolkids_29_517.jpg: 1024 x 683
29_Students_Schoolkids_Students_Schoolkids_29_518.jpg: 1024 x 664
29_Students_Schoolkids_Students_Schoolkids_29_520.jpg: 1024 x 576
29_Students_Schoolkids_Students_Schoolkids_29_526.jpg: 1024 x 577
29_Students_Schoolkids_Students_Schoolkids_29_527.jpg: 1024 x 683
29_Students_Schoolkids_Students_Schoolkids_29_531.jpg: 1024 x 579
29_Students_Schoolkids_Students_Schoolkids_29_535.jpg: 1024 x 768
29_Students_Schoolkids_Students_Schoolkids_29_54.jpg: 1024 x 560
29_Students_Schoolkids_Students_Schoolkids_29_542.jpg: 1024 x 765
29_Students_Schoolkids_Students_Schoolkids_29_544.jpg: 1024 x 1280
29_Students_Schoolkids_Students_Schoolkids_29_545.jpg: 1024 x 768
29_Students_Schoolkids_Students_Schoolkids_29_547.jpg: 1024 x 768
29_Students_Schoolkids_Students_Schoolkids_29_551.jpg: 1024 x 1422
29_Students_Schoolkids_Students_Schoolkids_29_555.jpg: 1024 x 583
29_Students_Schoolkids_Students_Schoolkids_29_559.jpg: 1024 x 713
29_Students_Schoolkids_Students_Schoolkids_29_561.jpg: 1024 x 681
29_Students_Schoolkids_Students_Schoolkids_29_562.jpg: 1024 x 1054
29_Students_Schoolkids_Students_Schoolkids_29_568.jpg: 1024 x 714
29_Students_Schoolkids_Students_Schoolkids_29_570.jpg: 1024 x 682
29_Students_Schoolkids_Students_Schoolkids_29_573.jpg: 1024 x 681
29_Students_Schoolkids_Students_Schoolkids_29_578.jpg: 1024 x 682
29_Students_Schoolkids_Students_Schoolkids_29_579.jpg: 1024 x 1346
29_Students_Schoolkids_Students_Schoolkids_29_580.jpg: 1024 x 713
29_Students_Schoolkids_Students_Schoolkids_29_594.jpg: 1024 x 521
29_Students_Schoolkids_Students_Schoolkids_29_60.jpg: 1024 x 727
29_Students_Schoolkids_Students_Schoolkids_29_601.jpg: 1024 x 1583
29_Students_Schoolkids_Students_Schoolkids_29_603.jpg: 1024 x 1579
29_Students_Schoolkids_Students_Schoolkids_29_604.jpg: 1024 x 665
29_Students_Schoolkids_Students_Schoolkids_29_606.jpg: 1024 x 465
29_Students_Schoolkids_Students_Schoolkids_29_615.jpg: 1024 x 727
29_Students_Schoolkids_Students_Schoolkids_29_63.jpg: 1024 x 951
29_Students_Schoolkids_Students_Schoolkids_29_630.jpg: 1024 x 372
29_Students_Schoolkids_Students_Schoolkids_29_633.jpg: 1024 x 613
29_Students_Schoolkids_Students_Schoolkids_29_639.jpg: 1024 x 683
29_Students_Schoolkids_Students_Schoolkids_29_641.jpg: 1024 x 683
29_Students_Schoolkids_Students_Schoolkids_29_649.jpg: 1024 x 681
29_Students_Schoolkids_Students_Schoolkids_29_655.jpg: 1024 x 577
29_Students_Schoolkids_Students_Schoolkids_29_665.jpg: 1024 x 372
29_Students_Schoolkids_Students_Schoolkids_29_668.jpg: 1024 x 681
29_Students_Schoolkids_Students_Schoolkids_29_671.jpg: 1024 x 768
29_Students_Schoolkids_Students_Schoolkids_29_673.jpg: 1024 x 683
29_Students_Schoolkids_Students_Schoolkids_29_676.jpg: 1024 x 683
29_Students_Schoolkids_Students_Schoolkids_29_678.jpg: 1024 x 768
29_Students_Schoolkids_Students_Schoolkids_29_68.jpg: 1024 x 791
29_Students_Schoolkids_Students_Schoolkids_29_693.jpg: 1024 x 1366
29_Students_Schoolkids_Students_Schoolkids_29_696.jpg: 1024 x 768
29_Students_Schoolkids_Students_Schoolkids_29_70.jpg: 1024 x 625
29_Students_Schoolkids_Students_Schoolkids_29_702.jpg: 1024 x 493
29_Students_Schoolkids_Students_Schoolkids_29_705.jpg: 1024 x 683
29_Students_Schoolkids_Students_Schoolkids_29_709.jpg: 1024 x 774
29_Students_Schoolkids_Students_Schoolkids_29_714.jpg: 1024 x 683
29_Students_Schoolkids_Students_Schoolkids_29_716.jpg: 1024 x 768
29_Students_Schoolkids_Students_Schoolkids_29_72.jpg: 1024 x 767
29_Students_Schoolkids_Students_Schoolkids_29_720.jpg: 1024 x 683
29_Students_Schoolkids_Students_Schoolkids_29_725.jpg: 1024 x 609
29_Students_Schoolkids_Students_Schoolkids_29_732.jpg: 1024 x 1345
29_Students_Schoolkids_Students_Schoolkids_29_743.jpg: 1024 x 683
29_Students_Schoolkids_Students_Schoolkids_29_75.jpg: 1024 x 726
29_Students_Schoolkids_Students_Schoolkids_29_753.jpg: 1024 x 577
29_Students_Schoolkids_Students_Schoolkids_29_759.jpg: 1024 x 680
29_Students_Schoolkids_Students_Schoolkids_29_772.jpg: 1024 x 1178
29_Students_Schoolkids_Students_Schoolkids_29_78.jpg: 1024 x 684
29_Students_Schoolkids_Students_Schoolkids_29_792.jpg: 1024 x 633
29_Students_Schoolkids_Students_Schoolkids_29_802.jpg: 1024 x 683
29_Students_Schoolkids_Students_Schoolkids_29_804.jpg: 1024 x 683
29_Students_Schoolkids_Students_Schoolkids_29_807.jpg: 1024 x 687
29_Students_Schoolkids_Students_Schoolkids_29_814.jpg: 1024 x 1449
29_Students_Schoolkids_Students_Schoolkids_29_815.jpg: 1024 x 2484
29_Students_Schoolkids_Students_Schoolkids_29_820.jpg: 1024 x 576
29_Students_Schoolkids_Students_Schoolkids_29_824.jpg: 1024 x 1267
29_Students_Schoolkids_Students_Schoolkids_29_831.jpg: 1024 x 577
29_Students_Schoolkids_Students_Schoolkids_29_833.jpg: 1024 x 768
29_Students_Schoolkids_Students_Schoolkids_29_851.jpg: 1024 x 768
29_Students_Schoolkids_Students_Schoolkids_29_854.jpg: 1024 x 660
29_Students_Schoolkids_Students_Schoolkids_29_863.jpg: 1024 x 577
29_Students_Schoolkids_Students_Schoolkids_29_865.jpg: 1024 x 616
29_Students_Schoolkids_Students_Schoolkids_29_868.jpg: 1024 x 1421
29_Students_Schoolkids_Students_Schoolkids_29_869.jpg: 1024 x 681
29_Students_Schoolkids_Students_Schoolkids_29_874.jpg: 1024 x 687
29_Students_Schoolkids_Students_Schoolkids_29_876.jpg: 1024 x 718
29_Students_Schoolkids_Students_Schoolkids_29_88.jpg: 1024 x 690
29_Students_Schoolkids_Students_Schoolkids_29_883.jpg: 1024 x 686
29_Students_Schoolkids_Students_Schoolkids_29_885.jpg: 1024 x 801
29_Students_Schoolkids_Students_Schoolkids_29_89.jpg: 1024 x 683
29_Students_Schoolkids_Students_Schoolkids_29_894.jpg: 1024 x 746
29_Students_Schoolkids_Students_Schoolkids_29_899.jpg: 1024 x 811
29_Students_Schoolkids_Students_Schoolkids_29_909.jpg: 1024 x 685
29_Students_Schoolkids_Students_Schoolkids_29_911.jpg: 1024 x 768
29_Students_Schoolkids_Students_Schoolkids_29_912.jpg: 1024 x 1366
29_Students_Schoolkids_Students_Schoolkids_29_919.jpg: 1024 x 685
29_Students_Schoolkids_Students_Schoolkids_29_922.jpg: 1024 x 681
29_Students_Schoolkids_Students_Schoolkids_29_929.jpg: 1024 x 636
29_Students_Schoolkids_Students_Schoolkids_29_930.jpg: 1024 x 768
29_Students_Schoolkids_Students_Schoolkids_29_934.jpg: 1024 x 768
29_Students_Schoolkids_Students_Schoolkids_29_94.jpg: 1024 x 577
29_Students_Schoolkids_Students_Schoolkids_29_940.jpg: 1024 x 1324
29_Students_Schoolkids_Students_Schoolkids_29_942.jpg: 1024 x 767
29_Students_Schoolkids_Students_Schoolkids_29_98.jpg: 1024 x 683
